                                             A ZAMS Stellar Model
                                             --------------------

                                             M    =     2.58000 solar
                                             L    =    74.00000 solar
                                             R    =     3.05109 solar
                                             Teff =  9700.00000 K
                                             X    =     0.70000
                                             Y    =     0.29200
                                             Z    =     0.00800



 zone      r         tau     1-M_r/Ms      L_r         T          P         rho        kap        eps    dlnPdlnT
    0  2.122E+09  0.000E+00  0.000E+00  2.841E+28  0.000E+00  0.000E+00  0.000E+00  0.000E+00  0.000E+00  r 99.9
    1  2.120E+09  8.799E-03  3.553E-14  2.841E+28  2.839E+03  7.408E-02  1.518E-09  5.462E+00  1.906-112  r  1.0
    2  2.120E+09  1.835E-02  6.029E-14  2.841E+28  7.674E+03  2.469E-01  2.499E-09  2.830E-01  2.890E-83  c  1.2
    3  2.118E+09  2.529E-02  1.582E-13  2.841E+28  1.010E+04  9.288E-01  8.431E-09  6.923E-01  9.910E-83  r 99.9
    4  2.116E+09  3.224E-02  4.072E-13  2.841E+28  1.012E+04  2.671E+00  4.092E-09  1.741E-01  1.445E-76  r 99.9
    5  2.114E+09  3.328E-02  4.651E-13  2.841E+28  1.012E+04  3.077E+00  2.221E-09  1.199E-01  7.862E-77  r 99.9
    6  2.111E+09  3.703E-02  5.922E-13  2.841E+28  1.013E+04  3.973E+00  1.012E-08  3.228E-01  3.674E-76  r 99.9
    7  2.109E+09  6.655E-02  1.024E-12  2.841E+28  1.016E+04  7.033E+00  3.239E-08  7.581E-01  1.393E-75  r 99.9
    8  2.107E+09  2.743E-01  2.398E-12  2.841E+28  1.041E+04  1.680E+01  1.012E-07  1.692E+00  1.476E-74  r 35.1
    9  2.105E+09  1.191E+00  6.340E-12  2.841E+28  1.146E+04  4.494E+01  2.685E-07  2.579E+00  6.106E-72  r  9.2
   10  2.103E+09  3.514E+00  1.562E-11  2.841E+28  1.346E+04  1.114E+02  5.740E-07  2.608E+00  4.584E-68  r  5.0
   11  2.101E+09  7.881E+00  3.403E-11  2.841E+28  1.584E+04  2.439E+02  1.074E-06  2.438E+00  1.358E-64  r  4.3
   12  2.099E+09  1.511E+01  6.676E-11  2.841E+28  1.834E+04  4.804E+02  1.840E-06  2.281E+00  1.056E-61  r  4.2
   13  2.097E+09  2.624E+01  1.206E-10  2.841E+28  2.087E+04  8.711E+02  2.945E-06  2.134E+00  3.088E-59  r  4.3
   14  2.094E+09  4.244E+01  2.042E-10  2.841E+28  2.343E+04  1.480E+03  4.475E-06  2.008E+00  4.104E-57  r  4.3
   15  2.092E+09  6.509E+01  3.280E-10  2.841E+28  2.600E+04  2.385E+03  6.521E-06  1.897E+00  2.957E-55  r  4.4
   16  2.090E+09  9.576E+01  5.048E-10  2.841E+28  2.859E+04  3.683E+03  9.184E-06  1.799E+00  1.303E-53  r  4.4
   17  2.088E+09  1.361E+02  7.494E-10  2.841E+28  3.119E+04  5.486E+03  1.257E-05  1.713E+00  3.841E-52  r  4.4
   18  2.086E+09  1.882E+02  1.079E-09  2.841E+28  3.380E+04  7.928E+03  1.680E-05  1.637E+00  8.122E-51  r  4.5
   19  2.084E+09  2.539E+02  1.514E-09  2.841E+28  3.641E+04  1.116E+04  2.199E-05  1.568E+00  1.299E-49  r  4.5
   20  2.082E+09  3.357E+02  2.077E-09  2.841E+28  3.904E+04  1.536E+04  2.828E-05  1.506E+00  1.638E-48  r  4.5
   21  2.080E+09  4.360E+02  2.794E-09  2.841E+28  4.168E+04  2.073E+04  3.580E-05  1.450E+00  1.685E-47  r  4.5
   22  2.077E+09  5.575E+02  3.693E-09  2.841E+28  4.432E+04  2.749E+04  4.470E-05  1.399E+00  1.452E-46  r  4.5
   23  2.075E+09  7.030E+02  4.805E-09  2.841E+28  4.698E+04  3.590E+04  5.514E-05  1.353E+00  1.073E-45  r  4.5
   24  2.073E+09  8.757E+02  6.167E-09  2.841E+28  4.964E+04  4.623E+04  6.727E-05  1.310E+00  6.917E-45  r  4.5
   25  2.071E+09  1.079E+03  7.817E-09  2.841E+28  5.231E+04  5.879E+04  8.126E-05  1.271E+00  3.955E-44  r  4.5
   26  2.069E+09  1.316E+03  9.796E-09  2.841E+28  5.499E+04  7.393E+04  9.730E-05  1.234E+00  2.032E-43  r  4.5
   27  2.067E+09  1.590E+03  1.215E-08  2.841E+28  5.768E+04  9.202E+04  1.156E-04  1.200E+00  9.483E-43  r  4.5
   28  2.065E+09  1.906E+03  1.493E-08  2.841E+28  6.037E+04  1.135E+05  1.362E-04  1.169E+00  4.059E-42  r  4.5
   29  2.063E+09  2.268E+03  1.819E-08  2.841E+28  6.308E+04  1.387E+05  1.595E-04  1.139E+00  1.607E-41  r  4.5
   30  2.061E+09  2.680E+03  2.199E-08  2.841E+28  6.579E+04  1.682E+05  1.857E-04  1.111E+00  5.925E-41  r  4.6
   31  2.058E+09  3.146E+03  2.639E-08  2.841E+28  6.850E+04  2.026E+05  2.148E-04  1.085E+00  2.048E-40  r  4.6
   32  2.056E+09  3.672E+03  3.145E-08  2.841E+28  7.123E+04  2.423E+05  2.472E-04  1.061E+00  6.672E-40  r  4.6
   33  2.054E+09  4.262E+03  3.725E-08  2.841E+28  7.396E+04  2.879E+05  2.831E-04  1.038E+00  2.059E-39  r  4.6
   34  2.052E+09  4.921E+03  4.387E-08  2.841E+28  7.670E+04  3.402E+05  3.228E-04  1.016E+00  6.043E-39  r  4.6
   35  2.050E+09  5.656E+03  5.138E-08  2.841E+28  7.945E+04  3.998E+05  3.664E-04  9.952E-01  1.694E-38  r  4.6
   36  2.048E+09  6.472E+03  5.986E-08  2.841E+28  8.220E+04  4.674E+05  4.143E-04  9.756E-01  4.548E-38  r  4.6
   37  2.046E+09  7.375E+03  6.942E-08  2.841E+28  8.497E+04  5.439E+05  4.666E-04  9.569E-01  1.174E-37  r  4.6
   38  2.044E+09  8.370E+03  8.015E-08  2.841E+28  8.774E+04  6.301E+05  5.237E-04  9.392E-01  2.920E-37  r  4.6
   39  2.041E+09  9.465E+03  9.214E-08  2.841E+28  9.051E+04  7.269E+05  5.859E-04  9.222E-01  7.019E-37  r  4.6
   40  2.039E+09  1.067E+04  1.055E-07  2.841E+28  9.329E+04  8.352E+05  6.533E-04  9.061E-01  1.634E-36  r  4.6
   41  2.037E+09  1.198E+04  1.204E-07  2.841E+28  9.608E+04  9.560E+05  7.264E-04  8.906E-01  3.690E-36  r  4.6
   42  2.035E+09  1.342E+04  1.368E-07  2.841E+28  9.888E+04  1.090E+06  8.054E-04  8.759E-01  8.103E-36  r  4.6
   43  2.033E+09  1.498E+04  1.550E-07  2.841E+28  1.017E+05  1.240E+06  8.907E-04  8.617E-01  1.733E-35  r  4.6
   44  2.031E+09  1.668E+04  1.750E-07  2.841E+28  1.045E+05  1.405E+06  9.825E-04  8.481E-01  3.614E-35  r  4.6
   45  2.029E+09  1.852E+04  1.971E-07  2.841E+28  1.073E+05  1.587E+06  1.081E-03  8.351E-01  7.364E-35  r  4.6
   46  2.027E+09  2.051E+04  2.212E-07  2.841E+28  1.101E+05  1.788E+06  1.187E-03  8.225E-01  1.467E-34  r  4.6
   47  2.024E+09  2.267E+04  2.477E-07  2.841E+28  1.130E+05  2.008E+06  1.301E-03  8.105E-01  2.864E-34  r  4.6
   48  2.022E+09  2.499E+04  2.766E-07  2.841E+28  1.158E+05  2.251E+06  1.422E-03  7.989E-01  5.479E-34  r  4.6
   49  2.020E+09  2.749E+04  3.080E-07  2.841E+28  1.187E+05  2.515E+06  1.552E-03  7.877E-01  1.029E-33  r  4.6
   50  2.018E+09  3.018E+04  3.423E-07  2.841E+28  1.215E+05  2.805E+06  1.690E-03  7.769E-01  1.898E-33  r  4.6
   51  2.016E+09  3.307E+04  3.795E-07  2.841E+28  1.244E+05  3.120E+06  1.838E-03  7.665E-01  3.441E-33  r  4.6
   52  2.014E+09  3.617E+04  4.198E-07  2.841E+28  1.272E+05  3.464E+06  1.994E-03  7.564E-01  6.141E-33  r  4.6
   53  2.012E+09  3.948E+04  4.634E-07  2.841E+28  1.301E+05  3.837E+06  2.161E-03  7.466E-01  1.079E-32  r  4.6
   54  2.010E+09  4.302E+04  5.106E-07  2.841E+28  1.330E+05  4.242E+06  2.338E-03  7.372E-01  1.869E-32  r  4.6
   55  2.007E+09  4.680E+04  5.614E-07  2.841E+28  1.359E+05  4.681E+06  2.526E-03  7.281E-01  3.193E-32  r  4.6
   56  2.005E+09  5.083E+04  6.162E-07  2.841E+28  1.388E+05  5.156E+06  2.724E-03  7.193E-01  5.382E-32  r  4.6
   57  2.003E+09  5.512E+04  6.751E-07  2.841E+28  1.417E+05  5.669E+06  2.935E-03  7.107E-01  8.957E-32  r  4.6
   58  2.001E+09  5.969E+04  7.384E-07  2.841E+28  1.446E+05  6.222E+06  3.157E-03  7.024E-01  1.473E-31  r  4.6
   59  1.999E+09  6.454E+04  8.063E-07  2.841E+28  1.475E+05  6.818E+06  3.392E-03  6.943E-01  2.393E-31  r  4.6
   60  1.997E+09  6.969E+04  8.790E-07  2.841E+28  1.504E+05  7.459E+06  3.639E-03  6.865E-01  3.846E-31  r  4.6
   61  1.995E+09  7.515E+04  9.569E-07  2.841E+28  1.534E+05  8.148E+06  3.900E-03  6.789E-01  6.115E-31  r  4.6
   62  1.993E+09  8.094E+04  1.040E-06  2.841E+28  1.563E+05  8.887E+06  4.175E-03  6.715E-01  9.624E-31  r  4.6
   63  1.990E+09  8.706E+04  1.129E-06  2.841E+28  1.592E+05  9.680E+06  4.464E-03  6.643E-01  1.500E-30  r  4.6
   64  1.988E+09  9.353E+04  1.224E-06  2.841E+28  1.622E+05  1.053E+07  4.768E-03  6.573E-01  2.315E-30  r  4.6
   65  1.986E+09  1.004E+05  1.324E-06  2.841E+28  1.651E+05  1.144E+07  5.088E-03  6.505E-01  3.542E-30  r  4.6
   66  1.984E+09  1.076E+05  1.432E-06  2.841E+28  1.681E+05  1.241E+07  5.424E-03  6.439E-01  5.371E-30  r  4.6
   67  1.982E+09  1.152E+05  1.546E-06  2.841E+28  1.711E+05  1.345E+07  5.776E-03  6.374E-01  8.076E-30  r  4.6
   68  1.980E+09  1.232E+05  1.667E-06  2.841E+28  1.741E+05  1.455E+07  6.145E-03  6.311E-01  1.205E-29  r  4.6
   69  1.978E+09  1.317E+05  1.796E-06  2.841E+28  1.770E+05  1.573E+07  6.531E-03  6.249E-01  1.783E-29  r  4.6
   70  1.976E+09  1.405E+05  1.932E-06  2.841E+28  1.800E+05  1.698E+07  6.936E-03  6.189E-01  2.618E-29  r  4.6
   71  1.974E+09  1.499E+05  2.077E-06  2.841E+28  1.830E+05  1.832E+07  7.360E-03  6.131E-01  3.818E-29  r  4.6
   72  1.971E+09  1.597E+05  2.230E-06  2.841E+28  1.860E+05  1.974E+07  7.803E-03  6.074E-01  5.527E-29  r  4.6
   73  1.969E+09  1.700E+05  2.391E-06  2.841E+28  1.891E+05  2.125E+07  8.266E-03  6.018E-01  7.949E-29  r  4.6
   74  1.967E+09  1.808E+05  2.562E-06  2.841E+28  1.921E+05  2.284E+07  8.749E-03  5.963E-01  1.136E-28  r  4.6
   75  1.965E+09  1.922E+05  2.743E-06  2.841E+28  1.951E+05  2.454E+07  9.254E-03  5.910E-01  1.612E-28  r  4.6
   76  1.963E+09  2.040E+05  2.933E-06  2.841E+28  1.981E+05  2.634E+07  9.780E-03  5.858E-01  2.274E-28  r  4.6
   77  1.961E+09  2.165E+05  3.133E-06  2.841E+28  2.012E+05  2.824E+07  1.033E-02  5.807E-01  3.190E-28  r  4.6
   78  1.959E+09  2.295E+05  3.345E-06  2.841E+28  2.042E+05  3.025E+07  1.090E-02  5.757E-01  4.448E-28  r  4.6
   79  1.957E+09  2.431E+05  3.567E-06  2.841E+28  2.073E+05  3.238E+07  1.150E-02  5.708E-01  6.169E-28  r  4.6
   80  1.954E+09  2.574E+05  3.801E-06  2.841E+28  2.104E+05  3.463E+07  1.212E-02  5.661E-01  8.508E-28  r  4.6
   81  1.952E+09  2.723E+05  4.047E-06  2.841E+28  2.134E+05  3.700E+07  1.277E-02  5.614E-01  1.167E-27  r  4.6
   82  1.950E+09  2.878E+05  4.306E-06  2.841E+28  2.165E+05  3.951E+07  1.344E-02  5.568E-01  1.593E-27  r  4.6
   83  1.948E+09  3.040E+05  4.578E-06  2.841E+28  2.196E+05  4.215E+07  1.414E-02  5.523E-01  2.164E-27  r  4.6
   84  1.946E+09  3.210E+05  4.863E-06  2.841E+28  2.227E+05  4.494E+07  1.486E-02  5.479E-01  2.926E-27  r  4.6
   85  1.944E+09  3.386E+05  5.161E-06  2.841E+28  2.258E+05  4.787E+07  1.562E-02  5.436E-01  3.937E-27  r  4.6
   86  1.942E+09  3.570E+05  5.475E-06  2.841E+28  2.289E+05  5.096E+07  1.640E-02  5.394E-01  5.273E-27  r  4.6
   87  1.940E+09  3.762E+05  5.803E-06  2.841E+28  2.320E+05  5.421E+07  1.722E-02  5.353E-01  7.032E-27  r  4.6
   88  1.937E+09  3.961E+05  6.146E-06  2.841E+28  2.351E+05  5.763E+07  1.806E-02  5.312E-01  9.337E-27  r  4.6
   89  1.935E+09  4.169E+05  6.506E-06  2.841E+28  2.383E+05  6.122E+07  1.894E-02  5.272E-01  1.235E-26  r  4.6
   90  1.933E+09  4.385E+05  6.882E-06  2.841E+28  2.414E+05  6.499E+07  1.984E-02  5.233E-01  1.626E-26  r  4.6
   91  1.931E+09  4.610E+05  7.275E-06  2.841E+28  2.445E+05  6.896E+07  2.078E-02  5.195E-01  2.133E-26  r  4.6
   92  1.929E+09  4.843E+05  7.686E-06  2.841E+28  2.477E+05  7.311E+07  2.176E-02  5.157E-01  2.788E-26  r  4.6
   93  1.927E+09  5.086E+05  8.115E-06  2.841E+28  2.508E+05  7.748E+07  2.277E-02  5.120E-01  3.630E-26  r  4.6
   94  1.925E+09  5.338E+05  8.563E-06  2.841E+28  2.540E+05  8.205E+07  2.382E-02  5.084E-01  4.708E-26  r  4.6
   95  1.923E+09  5.600E+05  9.030E-06  2.841E+28  2.572E+05  8.684E+07  2.490E-02  5.048E-01  6.086E-26  r  4.6
   96  1.920E+09  5.872E+05  9.517E-06  2.841E+28  2.604E+05  9.186E+07  2.602E-02  5.013E-01  7.840E-26  r  4.6
   97  1.918E+09  6.154E+05  1.003E-05  2.841E+28  2.636E+05  9.712E+07  2.718E-02  4.978E-01  1.007E-25  r  4.6
   98  1.916E+09  6.446E+05  1.055E-05  2.841E+28  2.668E+05  1.026E+08  2.838E-02  4.944E-01  1.288E-25  r  4.6
   99  1.914E+09  6.749E+05  1.111E-05  2.841E+28  2.700E+05  1.084E+08  2.961E-02  4.911E-01  1.643E-25  r  4.6
  100  1.912E+09  7.064E+05  1.168E-05  2.841E+28  2.732E+05  1.144E+08  3.089E-02  4.878E-01  2.089E-25  r  4.6
  101  1.910E+09  7.389E+05  1.228E-05  2.841E+28  2.764E+05  1.207E+08  3.222E-02  4.846E-01  2.648E-25  r  4.6
  102  1.908E+09  7.726E+05  1.290E-05  2.841E+28  2.796E+05  1.273E+08  3.358E-02  4.814E-01  3.347E-25  r  4.6
  103  1.906E+09  8.075E+05  1.354E-05  2.841E+28  2.828E+05  1.341E+08  3.499E-02  4.783E-01  4.218E-25  r  4.6
  104  1.903E+09  8.437E+05  1.422E-05  2.841E+28  2.861E+05  1.413E+08  3.645E-02  4.752E-01  5.301E-25  r  4.6
  105  1.901E+09  8.811E+05  1.491E-05  2.841E+28  2.893E+05  1.488E+08  3.795E-02  4.722E-01  6.643E-25  r  4.6
  106  1.899E+09  9.197E+05  1.564E-05  2.841E+28  2.926E+05  1.566E+08  3.950E-02  4.692E-01  8.303E-25  r  4.6
  107  1.897E+09  9.597E+05  1.639E-05  2.841E+28  2.959E+05  1.648E+08  4.110E-02  4.663E-01  1.035E-24  r  4.6
  108  1.895E+09  1.001E+06  1.717E-05  2.841E+28  2.991E+05  1.732E+08  4.275E-02  4.634E-01  1.287E-24  r  4.6
  109  1.893E+09  1.044E+06  1.798E-05  2.841E+28  3.024E+05  1.821E+08  4.445E-02  4.605E-01  1.596E-24  r  4.6
  110  1.891E+09  1.088E+06  1.883E-05  2.841E+28  3.057E+05  1.913E+08  4.620E-02  4.577E-01  1.974E-24  r  4.6
  111  1.889E+09  1.134E+06  1.970E-05  2.841E+28  3.090E+05  2.009E+08  4.801E-02  4.550E-01  2.436E-24  r  4.6
  112  1.887E+09  1.181E+06  2.060E-05  2.841E+28  3.123E+05  2.109E+08  4.987E-02  4.523E-01  2.999E-24  r  4.6
  113  1.884E+09  1.229E+06  2.154E-05  2.841E+28  3.156E+05  2.213E+08  5.178E-02  4.496E-01  3.683E-24  r  4.6
  114  1.882E+09  1.280E+06  2.251E-05  2.841E+28  3.189E+05  2.322E+08  5.376E-02  4.470E-01  4.514E-24  r  4.6
  115  1.880E+09  1.331E+06  2.351E-05  2.841E+28  3.223E+05  2.434E+08  5.579E-02  4.443E-01  5.519E-24  r  4.6
  116  1.878E+09  1.385E+06  2.455E-05  2.841E+28  3.256E+05  2.552E+08  5.788E-02  4.418E-01  6.733E-24  r  4.6
  117  1.876E+09  1.440E+06  2.563E-05  2.841E+28  3.289E+05  2.674E+08  6.003E-02  4.393E-01  8.198E-24  r  4.6
  118  1.874E+09  1.497E+06  2.674E-05  2.841E+28  3.323E+05  2.800E+08  6.225E-02  4.368E-01  9.960E-24  r  4.6
  119  1.872E+09  1.555E+06  2.790E-05  2.841E+28  3.356E+05  2.932E+08  6.452E-02  4.343E-01  1.208E-23  r  4.6
  120  1.870E+09  1.616E+06  2.909E-05  2.841E+28  3.390E+05  3.069E+08  6.687E-02  4.319E-01  1.461E-23  r  4.6
  121  1.867E+09  1.678E+06  3.032E-05  2.841E+28  3.424E+05  3.211E+08  6.928E-02  4.295E-01  1.765E-23  r  4.6
  122  1.865E+09  1.742E+06  3.159E-05  2.841E+28  3.458E+05  3.358E+08  7.175E-02  4.271E-01  2.127E-23  r  4.6
  123  1.863E+09  1.808E+06  3.291E-05  2.841E+28  3.492E+05  3.511E+08  7.430E-02  4.248E-01  2.559E-23  r  4.6
  124  1.861E+09  1.876E+06  3.427E-05  2.841E+28  3.526E+05  3.670E+08  7.691E-02  4.225E-01  3.072E-23  r  4.6
  125  1.859E+09  1.946E+06  3.567E-05  2.841E+28  3.560E+05  3.835E+08  7.960E-02  4.202E-01  3.683E-23  r  4.6
  126  1.857E+09  2.018E+06  3.712E-05  2.841E+28  3.594E+05  4.005E+08  8.236E-02  4.180E-01  4.406E-23  r  4.6
  127  1.855E+09  2.092E+06  3.862E-05  2.841E+28  3.628E+05  4.183E+08  8.520E-02  4.158E-01  5.263E-23  r  4.6
  128  1.853E+09  2.168E+06  4.016E-05  2.841E+28  3.662E+05  4.366E+08  8.811E-02  4.136E-01  6.275E-23  r  4.6
  129  1.850E+09  2.247E+06  4.175E-05  2.841E+28  3.697E+05  4.557E+08  9.110E-02  4.114E-01  7.469E-23  r  4.6
  130  1.848E+09  2.327E+06  4.340E-05  2.841E+28  3.731E+05  4.754E+08  9.418E-02  4.093E-01  8.876E-23  r  4.6
  131  1.846E+09  2.410E+06  4.509E-05  2.841E+28  3.766E+05  4.958E+08  9.733E-02  4.072E-01  1.053E-22  r  4.6
  132  1.844E+09  2.496E+06  4.684E-05  2.841E+28  3.801E+05  5.170E+08  1.006E-01  4.051E-01  1.247E-22  r  4.6
  133  1.842E+09  2.583E+06  4.863E-05  2.841E+28  3.835E+05  5.389E+08  1.039E-01  4.031E-01  1.475E-22  r  4.6
  134  1.840E+09  2.673E+06  5.049E-05  2.841E+28  3.870E+05  5.616E+08  1.073E-01  4.010E-01  1.742E-22  r  4.6
  135  1.838E+09  2.766E+06  5.240E-05  2.841E+28  3.905E+05  5.851E+08  1.108E-01  3.990E-01  2.054E-22  r  4.6
  136  1.836E+09  2.861E+06  5.437E-05  2.841E+28  3.940E+05  6.094E+08  1.144E-01  3.971E-01  2.418E-22  r  4.6
  137  1.833E+09  2.959E+06  5.640E-05  2.841E+28  3.975E+05  6.345E+08  1.180E-01  3.951E-01  2.843E-22  r  4.6
  138  1.831E+09  3.059E+06  5.848E-05  2.841E+28  4.010E+05  6.606E+08  1.218E-01  3.932E-01  3.337E-22  r  4.6
  139  1.829E+09  3.162E+06  6.063E-05  2.841E+28  4.045E+05  6.875E+08  1.257E-01  3.913E-01  3.912E-22  r  4.6
  140  1.827E+09  3.268E+06  6.284E-05  2.841E+28  4.081E+05  7.153E+08  1.296E-01  3.894E-01  4.580E-22  r  4.6
  141  1.825E+09  3.376E+06  6.512E-05  2.841E+28  4.116E+05  7.440E+08  1.337E-01  3.875E-01  5.354E-22  r  4.6
  142  1.823E+09  3.488E+06  6.746E-05  2.841E+28  4.152E+05  7.738E+08  1.378E-01  3.857E-01  6.251E-22  r  4.6
  143  1.821E+09  3.602E+06  6.987E-05  2.841E+28  4.187E+05  8.045E+08  1.421E-01  3.838E-01  7.288E-22  r  4.6
  144  1.819E+09  3.719E+06  7.235E-05  2.841E+28  4.223E+05  8.362E+08  1.465E-01  3.820E-01  8.486E-22  r  4.6
  145  1.816E+09  3.839E+06  7.489E-05  2.841E+28  4.259E+05  8.690E+08  1.509E-01  3.803E-01  9.869E-22  r  4.6
  146  1.814E+09  3.963E+06  7.751E-05  2.841E+28  4.295E+05  9.028E+08  1.555E-01  3.785E-01  1.146E-21  r  4.6
  147  1.812E+09  4.089E+06  8.020E-05  2.841E+28  4.331E+05  9.378E+08  1.602E-01  3.768E-01  1.330E-21  r  4.6
  148  1.810E+09  4.219E+06  8.297E-05  2.841E+28  4.367E+05  9.739E+08  1.650E-01  3.750E-01  1.541E-21  r  4.6
  149  1.808E+09  4.352E+06  8.581E-05  2.841E+28  4.403E+05  1.011E+09  1.699E-01  3.733E-01  1.783E-21  r  4.6
  150  1.806E+09  4.488E+06  8.873E-05  2.841E+28  4.439E+05  1.050E+09  1.750E-01  3.716E-01  2.061E-21  r  4.6
  151  1.804E+09  4.628E+06  9.172E-05  2.841E+28  4.475E+05  1.089E+09  1.801E-01  3.700E-01  2.380E-21  r  4.6
  152  1.802E+09  4.771E+06  9.480E-05  2.841E+28  4.512E+05  1.130E+09  1.854E-01  3.683E-01  2.745E-21  r  4.6
  153  1.800E+09  4.918E+06  9.796E-05  2.841E+28  4.548E+05  1.173E+09  1.908E-01  3.667E-01  3.162E-21  r  4.6
  154  1.797E+09  5.068E+06  1.012E-04  2.841E+28  4.585E+05  1.216E+09  1.963E-01  3.651E-01  3.638E-21  r  4.6
  155  1.795E+09  5.222E+06  1.045E-04  2.841E+28  4.621E+05  1.261E+09  2.019E-01  3.635E-01  4.182E-21  r  4.6
  156  1.793E+09  5.379E+06  1.080E-04  2.841E+28  4.658E+05  1.307E+09  2.077E-01  3.619E-01  4.802E-21  r  4.6
  157  1.791E+09  5.541E+06  1.115E-04  2.841E+28  4.695E+05  1.355E+09  2.136E-01  3.603E-01  5.508E-21  r  4.6
  158  1.789E+09  5.706E+06  1.151E-04  2.841E+28  4.732E+05  1.404E+09  2.197E-01  3.587E-01  6.311E-21  r  4.6
  159  1.787E+09  5.875E+06  1.188E-04  2.841E+28  4.769E+05  1.455E+09  2.259E-01  3.572E-01  7.224E-21  r  4.6
  160  1.785E+09  6.049E+06  1.225E-04  2.841E+28  4.806E+05  1.508E+09  2.322E-01  3.557E-01  8.261E-21  r  4.6
  161  1.783E+09  6.226E+06  1.264E-04  2.841E+28  4.843E+05  1.561E+09  2.386E-01  3.542E-01  9.437E-21  r  4.6
  162  1.780E+09  6.407E+06  1.304E-04  2.841E+28  4.880E+05  1.617E+09  2.453E-01  3.527E-01  1.077E-20  r  4.6
  163  1.778E+09  6.593E+06  1.345E-04  2.841E+28  4.918E+05  1.674E+09  2.520E-01  3.512E-01  1.228E-20  r  4.6
  164  1.776E+09  6.783E+06  1.387E-04  2.841E+28  4.955E+05  1.733E+09  2.589E-01  3.498E-01  1.399E-20  r  4.6
  165  1.774E+09  6.977E+06  1.429E-04  2.841E+28  4.993E+05  1.794E+09  2.660E-01  3.483E-01  1.592E-20  r  4.6
  166  1.772E+09  7.176E+06  1.473E-04  2.841E+28  5.030E+05  1.856E+09  2.732E-01  3.469E-01  1.810E-20  r  4.6
  167  1.770E+09  7.380E+06  1.518E-04  2.841E+28  5.068E+05  1.920E+09  2.806E-01  3.454E-01  2.056E-20  r  4.6
  168  1.768E+09  7.588E+06  1.565E-04  2.841E+28  5.106E+05  1.987E+09  2.881E-01  3.440E-01  2.333E-20  r  4.6
  169  1.766E+09  7.800E+06  1.612E-04  2.841E+28  5.144E+05  2.055E+09  2.958E-01  3.426E-01  2.646E-20  r  4.6
  170  1.763E+09  8.018E+06  1.660E-04  2.841E+28  5.182E+05  2.125E+09  3.036E-01  3.413E-01  2.998E-20  r  4.6
  171  1.761E+09  8.240E+06  1.710E-04  2.841E+28  5.220E+05  2.197E+09  3.117E-01  3.399E-01  3.393E-20  r  4.6
  172  1.759E+09  8.467E+06  1.760E-04  2.841E+28  5.258E+05  2.271E+09  3.199E-01  3.385E-01  3.838E-20  r  4.6
  173  1.757E+09  8.700E+06  1.812E-04  2.841E+28  5.297E+05  2.348E+09  3.282E-01  3.372E-01  4.337E-20  r  4.6
  174  1.755E+09  8.937E+06  1.865E-04  2.841E+28  5.335E+05  2.426E+09  3.368E-01  3.359E-01  4.897E-20  r  4.6
  175  1.753E+09  9.180E+06  1.920E-04  2.841E+28  5.373E+05  2.507E+09  3.455E-01  3.345E-01  5.525E-20  r  4.6
  176  1.751E+09  9.428E+06  1.975E-04  2.841E+28  5.412E+05  2.590E+09  3.544E-01  3.332E-01  6.229E-20  r  4.6
  177  1.749E+09  9.681E+06  2.032E-04  2.841E+28  5.451E+05  2.675E+09  3.635E-01  3.319E-01  7.016E-20  r  4.6
  178  1.746E+09  9.940E+06  2.091E-04  2.841E+28  5.490E+05  2.763E+09  3.728E-01  3.307E-01  7.897E-20  r  4.6
  179  1.744E+09  1.020E+07  2.150E-04  2.841E+28  5.528E+05  2.853E+09  3.823E-01  3.294E-01  8.882E-20  r  4.6
  180  1.742E+09  1.047E+07  2.211E-04  2.841E+28  5.567E+05  2.946E+09  3.920E-01  3.281E-01  9.982E-20  r  4.6
  181  1.740E+09  1.075E+07  2.274E-04  2.841E+28  5.607E+05  3.042E+09  4.018E-01  3.269E-01  1.121E-19  r  4.6
  182  1.738E+09  1.103E+07  2.337E-04  2.841E+28  5.646E+05  3.140E+09  4.119E-01  3.256E-01  1.258E-19  r  4.6
  183  1.736E+09  1.132E+07  2.403E-04  2.841E+28  5.685E+05  3.240E+09  4.222E-01  3.244E-01  1.410E-19  r  4.6
  184  1.734E+09  1.161E+07  2.469E-04  2.841E+28  5.724E+05  3.344E+09  4.327E-01  3.232E-01  1.581E-19  r  4.6
  185  1.732E+09  1.191E+07  2.538E-04  2.841E+28  5.764E+05  3.450E+09  4.434E-01  3.220E-01  1.770E-19  r  4.6
  186  1.729E+09  1.222E+07  2.607E-04  2.841E+28  5.803E+05  3.559E+09  4.543E-01  3.208E-01  1.980E-19  r  4.6
  187  1.727E+09  1.253E+07  2.678E-04  2.841E+28  5.843E+05  3.671E+09  4.655E-01  3.196E-01  2.214E-19  r  4.5
  188  1.725E+09  1.285E+07  2.751E-04  2.841E+28  5.883E+05  3.786E+09  4.768E-01  3.184E-01  2.474E-19  r  4.5
  189  1.723E+09  1.318E+07  2.826E-04  2.841E+28  5.923E+05  3.905E+09  4.884E-01  3.173E-01  2.763E-19  r  4.5
  190  1.721E+09  1.351E+07  2.902E-04  2.841E+28  5.963E+05  4.026E+09  5.003E-01  3.161E-01  3.083E-19  r  4.5
  191  1.719E+09  1.385E+07  2.979E-04  2.841E+28  6.003E+05  4.151E+09  5.123E-01  3.149E-01  3.438E-19  r  4.5
  192  1.717E+09  1.419E+07  3.058E-04  2.841E+28  6.043E+05  4.279E+09  5.246E-01  3.138E-01  3.832E-19  r  4.5
  193  1.715E+09  1.455E+07  3.139E-04  2.841E+28  6.083E+05  4.410E+09  5.372E-01  3.127E-01  4.268E-19  r  4.5
  194  1.713E+09  1.491E+07  3.222E-04  2.841E+28  6.124E+05  4.545E+09  5.499E-01  3.116E-01  4.750E-19  r  4.5
  195  1.710E+09  1.527E+07  3.307E-04  2.841E+28  6.164E+05  4.683E+09  5.630E-01  3.104E-01  5.284E-19  r  4.5
  196  1.708E+09  1.565E+07  3.393E-04  2.841E+28  6.205E+05  4.825E+09  5.763E-01  3.093E-01  5.873E-19  r  4.5
  197  1.706E+09  1.603E+07  3.481E-04  2.841E+28  6.246E+05  4.971E+09  5.898E-01  3.082E-01  6.525E-19  r  4.5
  198  1.704E+09  1.642E+07  3.571E-04  2.841E+28  6.286E+05  5.120E+09  6.036E-01  3.072E-01  7.245E-19  r  4.5
  199  1.702E+09  1.682E+07  3.663E-04  2.841E+28  6.327E+05  5.274E+09  6.177E-01  3.061E-01  8.039E-19  r  4.5
  200  1.700E+09  1.722E+07  3.756E-04  2.841E+28  6.368E+05  5.431E+09  6.320E-01  3.050E-01  8.915E-19  r  4.5
  201  1.698E+09  1.764E+07  3.852E-04  2.841E+28  6.410E+05  5.592E+09  6.466E-01  3.040E-01  9.881E-19  r  4.5
  202  1.696E+09  1.806E+07  3.950E-04  2.841E+28  6.451E+05  5.758E+09  6.615E-01  3.029E-01  1.094E-18  r  4.5
  203  1.693E+09  1.849E+07  4.049E-04  2.841E+28  6.492E+05  5.927E+09  6.767E-01  3.019E-01  1.212E-18  r  4.5
  204  1.691E+09  1.892E+07  4.151E-04  2.841E+28  6.534E+05  6.101E+09  6.922E-01  3.008E-01  1.341E-18  r  4.5
  205  1.689E+09  1.937E+07  4.254E-04  2.841E+28  6.575E+05  6.280E+09  7.079E-01  2.998E-01  1.482E-18  r  4.5
  206  1.687E+09  1.982E+07  4.360E-04  2.841E+28  6.617E+05  6.463E+09  7.240E-01  2.988E-01  1.638E-18  r  4.5
  207  1.685E+09  2.029E+07  4.468E-04  2.841E+28  6.659E+05  6.650E+09  7.404E-01  2.978E-01  1.810E-18  r  4.5
  208  1.683E+09  2.076E+07  4.578E-04  2.841E+28  6.700E+05  6.843E+09  7.570E-01  2.968E-01  1.998E-18  r  4.5
  209  1.681E+09  2.124E+07  4.690E-04  2.841E+28  6.742E+05  7.040E+09  7.740E-01  2.958E-01  2.205E-18  r  4.5
  210  1.679E+09  2.173E+07  4.805E-04  2.841E+28  6.785E+05  7.242E+09  7.913E-01  2.948E-01  2.432E-18  r  4.5
  211  1.676E+09  2.223E+07  4.921E-04  2.841E+28  6.827E+05  7.449E+09  8.089E-01  2.938E-01  2.680E-18  r  4.5
  212  1.674E+09  2.274E+07  5.040E-04  2.841E+28  6.869E+05  7.661E+09  8.268E-01  2.928E-01  2.953E-18  r  4.5
  213  1.672E+09  2.326E+07  5.162E-04  2.841E+28  6.912E+05  7.878E+09  8.451E-01  2.918E-01  3.252E-18  r  4.5
  214  1.670E+09  2.379E+07  5.285E-04  2.841E+28  6.954E+05  8.101E+09  8.637E-01  2.909E-01  3.579E-18  r  4.5
  215  1.668E+09  2.433E+07  5.411E-04  2.841E+28  6.997E+05  8.329E+09  8.826E-01  2.899E-01  3.937E-18  r  4.5
  216  1.666E+09  2.487E+07  5.540E-04  2.841E+28  7.039E+05  8.563E+09  9.019E-01  2.890E-01  4.328E-18  r  4.5
  217  1.664E+09  2.543E+07  5.671E-04  2.841E+28  7.082E+05  8.803E+09  9.216E-01  2.880E-01  4.757E-18  r  4.5
  218  1.662E+09  2.600E+07  5.804E-04  2.841E+28  7.125E+05  9.048E+09  9.416E-01  2.871E-01  5.225E-18  r  4.5
  219  1.659E+09  2.658E+07  5.940E-04  2.841E+28  7.168E+05  9.299E+09  9.619E-01  2.862E-01  5.737E-18  r  4.5
  220  1.657E+09  2.717E+07  6.079E-04  2.841E+28  7.212E+05  9.557E+09  9.827E-01  2.853E-01  6.296E-18  r  4.5
  221  1.655E+09  2.777E+07  6.220E-04  2.841E+28  7.255E+05  9.820E+09  1.004E+00  2.843E-01  6.906E-18  r  4.5
  222  1.653E+09  2.838E+07  6.364E-04  2.841E+28  7.298E+05  1.009E+10  1.025E+00  2.834E-01  7.572E-18  r  4.5
  223  1.651E+09  2.900E+07  6.511E-04  2.841E+28  7.342E+05  1.037E+10  1.047E+00  2.825E-01  8.298E-18  r  4.5
  224  1.649E+09  2.964E+07  6.660E-04  2.841E+28  7.386E+05  1.065E+10  1.069E+00  2.816E-01  9.089E-18  r  4.5
  225  1.647E+09  3.028E+07  6.812E-04  2.841E+28  7.429E+05  1.094E+10  1.092E+00  2.808E-01  9.952E-18  r  4.5
  226  1.645E+09  3.094E+07  6.967E-04  2.841E+28  7.473E+05  1.124E+10  1.115E+00  2.799E-01  1.089E-17  r  4.5
  227  1.642E+09  3.160E+07  7.125E-04  2.841E+28  7.517E+05  1.154E+10  1.138E+00  2.790E-01  1.192E-17  r  4.5
  228  1.640E+09  3.228E+07  7.285E-04  2.841E+28  7.562E+05  1.185E+10  1.162E+00  2.781E-01  1.303E-17  r  4.5
  229  1.638E+09  3.298E+07  7.449E-04  2.841E+28  7.606E+05  1.217E+10  1.187E+00  2.773E-01  1.424E-17  r  4.5
  230  1.636E+09  3.368E+07  7.615E-04  2.841E+28  7.650E+05  1.249E+10  1.211E+00  2.764E-01  1.556E-17  r  4.5
  231  1.634E+09  3.440E+07  7.785E-04  2.841E+28  7.695E+05  1.283E+10  1.237E+00  2.755E-01  1.699E-17  r  4.5
  232  1.632E+09  3.513E+07  7.958E-04  2.841E+28  7.739E+05  1.317E+10  1.262E+00  2.747E-01  1.855E-17  r  4.5
  233  1.630E+09  3.587E+07  8.133E-04  2.841E+28  7.784E+05  1.352E+10  1.288E+00  2.738E-01  2.024E-17  r  4.5
  234  1.628E+09  3.662E+07  8.312E-04  2.841E+28  7.829E+05  1.388E+10  1.315E+00  2.730E-01  2.208E-17  r  4.5
  235  1.625E+09  3.739E+07  8.494E-04  2.841E+28  7.874E+05  1.424E+10  1.342E+00  2.722E-01  2.407E-17  r  4.5
  236  1.623E+09  3.817E+07  8.680E-04  2.841E+28  7.919E+05  1.461E+10  1.369E+00  2.714E-01  2.624E-17  r  4.5
  237  1.621E+09  3.897E+07  8.868E-04  2.841E+28  7.964E+05  1.500E+10  1.397E+00  2.705E-01  2.858E-17  r  4.5
  238  1.619E+09  3.978E+07  9.060E-04  2.841E+28  8.009E+05  1.539E+10  1.425E+00  2.697E-01  3.113E-17  r  4.5
  239  1.617E+09  4.060E+07  9.256E-04  2.841E+28  8.055E+05  1.579E+10  1.454E+00  2.689E-01  3.389E-17  r  4.5
  240  1.615E+09  4.144E+07  9.454E-04  2.841E+28  8.100E+05  1.620E+10  1.483E+00  2.681E-01  3.688E-17  r  4.5
  241  1.613E+09  4.229E+07  9.657E-04  2.841E+28  8.146E+05  1.662E+10  1.513E+00  2.673E-01  4.012E-17  r  4.5
  242  1.611E+09  4.315E+07  9.862E-04  2.841E+28  8.192E+05  1.705E+10  1.544E+00  2.665E-01  4.362E-17  r  4.5
  243  1.609E+09  4.404E+07  1.007E-03  2.841E+28  8.238E+05  1.748E+10  1.575E+00  2.657E-01  4.742E-17  r  4.5
  244  1.606E+09  4.493E+07  1.028E-03  2.841E+28  8.284E+05  1.793E+10  1.606E+00  2.649E-01  5.152E-17  r  4.5
  245  1.604E+09  4.584E+07  1.050E-03  2.841E+28  8.330E+05  1.839E+10  1.638E+00  2.642E-01  5.596E-17  r  4.5
  246  1.602E+09  4.677E+07  1.072E-03  2.841E+28  8.376E+05  1.886E+10  1.670E+00  2.634E-01  6.076E-17  r  4.5
  247  1.600E+09  4.771E+07  1.095E-03  2.841E+28  8.423E+05  1.934E+10  1.703E+00  2.626E-01  6.595E-17  r  4.5
  248  1.598E+09  4.867E+07  1.117E-03  2.841E+28  8.469E+05  1.983E+10  1.737E+00  2.618E-01  7.156E-17  r  4.5
  249  1.596E+09  4.964E+07  1.141E-03  2.841E+28  8.516E+05  2.033E+10  1.771E+00  2.611E-01  7.762E-17  r  4.5
  250  1.594E+09  5.063E+07  1.164E-03  2.841E+28  8.563E+05  2.084E+10  1.806E+00  2.603E-01  8.416E-17  r  4.5
  251  1.592E+09  5.163E+07  1.188E-03  2.841E+28  8.610E+05  2.136E+10  1.841E+00  2.596E-01  9.122E-17  r  4.5
  252  1.589E+09  5.266E+07  1.212E-03  2.841E+28  8.657E+05  2.190E+10  1.877E+00  2.588E-01  9.884E-17  r  4.5
  253  1.587E+09  5.370E+07  1.237E-03  2.841E+28  8.704E+05  2.244E+10  1.913E+00  2.581E-01  1.071E-16  r  4.5
  254  1.585E+09  5.475E+07  1.262E-03  2.841E+28  8.751E+05  2.300E+10  1.950E+00  2.573E-01  1.159E-16  r  4.5
  255  1.583E+09  5.583E+07  1.288E-03  2.841E+28  8.799E+05  2.357E+10  1.988E+00  2.566E-01  1.255E-16  r  4.5
  256  1.581E+09  5.692E+07  1.314E-03  2.841E+28  8.847E+05  2.416E+10  2.026E+00  2.559E-01  1.358E-16  r  4.5
  257  1.579E+09  5.803E+07  1.341E-03  2.841E+28  8.894E+05  2.475E+10  2.065E+00  2.552E-01  1.469E-16  r  4.5
  258  1.577E+09  5.915E+07  1.367E-03  2.841E+28  8.942E+05  2.536E+10  2.105E+00  2.544E-01  1.589E-16  r  4.5
  259  1.575E+09  6.030E+07  1.395E-03  2.841E+28  8.990E+05  2.599E+10  2.145E+00  2.537E-01  1.717E-16  r  4.5
  260  1.572E+09  6.146E+07  1.423E-03  2.841E+28  9.038E+05  2.662E+10  2.186E+00  2.530E-01  1.856E-16  r  4.5
  261  1.570E+09  6.265E+07  1.451E-03  2.841E+28  9.086E+05  2.727E+10  2.227E+00  2.523E-01  2.005E-16  r  4.5
  262  1.568E+09  6.385E+07  1.479E-03  2.841E+28  9.135E+05  2.794E+10  2.270E+00  2.516E-01  2.166E-16  r  4.5
  263  1.566E+09  6.507E+07  1.509E-03  2.841E+28  9.183E+05  2.861E+10  2.313E+00  2.509E-01  2.338E-16  r  4.5
  264  1.564E+09  6.631E+07  1.538E-03  2.841E+28  9.232E+05  2.931E+10  2.356E+00  2.502E-01  2.524E-16  r  4.5
  265  1.562E+09  6.757E+07  1.568E-03  2.841E+28  9.281E+05  3.002E+10  2.400E+00  2.495E-01  2.724E-16  r  4.5
  266  1.560E+09  6.885E+07  1.599E-03  2.841E+28  9.330E+05  3.074E+10  2.445E+00  2.488E-01  2.938E-16  r  4.5
  267  1.558E+09  7.015E+07  1.630E-03  2.841E+28  9.379E+05  3.148E+10  2.491E+00  2.481E-01  3.169E-16  r  4.5
  268  1.555E+09  7.148E+07  1.662E-03  2.841E+28  9.428E+05  3.223E+10  2.538E+00  2.474E-01  3.416E-16  r  4.5
  269  1.553E+09  7.282E+07  1.694E-03  2.841E+28  9.477E+05  3.301E+10  2.585E+00  2.468E-01  3.682E-16  r  4.5
  270  1.551E+09  7.418E+07  1.726E-03  2.841E+28  9.527E+05  3.379E+10  2.633E+00  2.461E-01  3.967E-16  r  4.5
  271  1.549E+09  7.557E+07  1.759E-03  2.841E+28  9.576E+05  3.460E+10  2.682E+00  2.454E-01  4.274E-16  r  4.5
  272  1.547E+09  7.698E+07  1.793E-03  2.841E+28  9.626E+05  3.542E+10  2.731E+00  2.448E-01  4.602E-16  r  4.5
  273  1.545E+09  7.841E+07  1.827E-03  2.841E+28  9.676E+05  3.626E+10  2.782E+00  2.441E-01  4.955E-16  r  4.5
  274  1.543E+09  7.986E+07  1.862E-03  2.841E+28  9.726E+05  3.711E+10  2.833E+00  2.434E-01  5.333E-16  r  4.5
  275  1.541E+09  8.133E+07  1.897E-03  2.841E+28  9.776E+05  3.799E+10  2.885E+00  2.428E-01  5.738E-16  r  4.5
  276  1.538E+09  8.283E+07  1.933E-03  2.841E+28  9.826E+05  3.888E+10  2.937E+00  2.421E-01  6.172E-16  r  4.5
  277  1.536E+09  8.435E+07  1.969E-03  2.841E+28  9.877E+05  3.979E+10  2.991E+00  2.415E-01  6.638E-16  r  4.5
  278  1.534E+09  8.590E+07  2.006E-03  2.841E+28  9.927E+05  4.073E+10  3.045E+00  2.408E-01  7.136E-16  r  4.5
  279  1.532E+09  8.747E+07  2.043E-03  2.841E+28  9.978E+05  4.168E+10  3.101E+00  2.402E-01  7.670E-16  r  4.5
  280  1.530E+09  8.906E+07  2.081E-03  2.841E+28  1.003E+06  4.265E+10  3.157E+00  2.396E-01  8.242E-16  r  4.5
  281  1.528E+09  9.068E+07  2.120E-03  2.841E+28  1.008E+06  4.364E+10  3.214E+00  2.389E-01  8.855E-16  r  4.5
  282  1.526E+09  9.232E+07  2.159E-03  2.841E+28  1.013E+06  4.465E+10  3.272E+00  2.383E-01  9.510E-16  r  4.5
  283  1.524E+09  9.398E+07  2.199E-03  2.841E+28  1.018E+06  4.568E+10  3.331E+00  2.377E-01  1.021E-15  r  4.5
  284  1.522E+09  9.568E+07  2.239E-03  2.841E+28  1.023E+06  4.674E+10  3.390E+00  2.370E-01  1.096E-15  r  4.5
  285  1.519E+09  9.740E+07  2.280E-03  2.841E+28  1.029E+06  4.781E+10  3.451E+00  2.364E-01  1.176E-15  r  4.5
  286  1.517E+09  9.914E+07  2.322E-03  2.841E+28  1.034E+06  4.891E+10  3.513E+00  2.358E-01  1.262E-15  r  4.5
  287  1.515E+09  1.009E+08  2.364E-03  2.841E+28  1.039E+06  5.003E+10  3.575E+00  2.352E-01  1.354E-15  r  4.5
  288  1.513E+09  1.027E+08  2.407E-03  2.841E+28  1.044E+06  5.118E+10  3.639E+00  2.346E-01  1.452E-15  r  4.5
  289  1.511E+09  1.045E+08  2.450E-03  2.841E+28  1.049E+06  5.234E+10  3.704E+00  2.340E-01  1.556E-15  r  4.5
  290  1.509E+09  1.064E+08  2.494E-03  2.841E+28  1.055E+06  5.353E+10  3.769E+00  2.334E-01  1.668E-15  r  4.5
  291  1.507E+09  1.083E+08  2.539E-03  2.841E+28  1.060E+06  5.475E+10  3.836E+00  2.328E-01  1.788E-15  r  4.5
  292  1.505E+09  1.102E+08  2.585E-03  2.841E+28  1.065E+06  5.599E+10  3.903E+00  2.322E-01  1.915E-15  r  4.5
  293  1.502E+09  1.121E+08  2.631E-03  2.841E+28  1.070E+06  5.726E+10  3.972E+00  2.316E-01  2.052E-15  r  4.5
  294  1.500E+09  1.141E+08  2.678E-03  2.841E+28  1.076E+06  5.855E+10  4.042E+00  2.310E-01  2.197E-15  r  4.5
  295  1.498E+09  1.161E+08  2.725E-03  2.841E+28  1.081E+06  5.987E+10  4.112E+00  2.304E-01  2.352E-15  r  4.5
  296  1.496E+09  1.181E+08  2.773E-03  2.841E+28  1.086E+06  6.121E+10  4.184E+00  2.298E-01  2.518E-15  r  4.5
  297  1.494E+09  1.202E+08  2.822E-03  2.841E+28  1.092E+06  6.258E+10  4.257E+00  2.292E-01  2.694E-15  r  4.5
  298  1.492E+09  1.222E+08  2.872E-03  2.841E+28  1.097E+06  6.398E+10  4.331E+00  2.286E-01  2.882E-15  r  4.5
  299  1.490E+09  1.244E+08  2.922E-03  2.841E+28  1.102E+06  6.541E+10  4.407E+00  2.281E-01  3.083E-15  r  4.5
  300  1.488E+09  1.265E+08  2.973E-03  2.841E+28  1.108E+06  6.687E+10  4.483E+00  2.275E-01  3.297E-15  r  4.5
  301  1.485E+09  1.287E+08  3.025E-03  2.841E+28  1.113E+06  6.836E+10  4.560E+00  2.269E-01  3.525E-15  r  4.5
  302  1.483E+09  1.309E+08  3.077E-03  2.841E+28  1.119E+06  6.987E+10  4.639E+00  2.263E-01  3.768E-15  r  4.5
  303  1.481E+09  1.331E+08  3.131E-03  2.841E+28  1.124E+06  7.142E+10  4.719E+00  2.258E-01  4.027E-15  r  4.5
  304  1.479E+09  1.354E+08  3.185E-03  2.841E+28  1.129E+06  7.300E+10  4.800E+00  2.252E-01  4.303E-15  r  4.5
  305  1.477E+09  1.377E+08  3.239E-03  2.841E+28  1.135E+06  7.461E+10  4.882E+00  2.246E-01  4.596E-15  r  4.5
  306  1.475E+09  1.401E+08  3.295E-03  2.841E+28  1.140E+06  7.625E+10  4.966E+00  2.241E-01  4.909E-15  r  4.5
  307  1.473E+09  1.425E+08  3.351E-03  2.841E+28  1.146E+06  7.793E+10  5.051E+00  2.235E-01  5.242E-15  r  4.5
  308  1.471E+09  1.449E+08  3.409E-03  2.841E+28  1.151E+06  7.964E+10  5.137E+00  2.230E-01  5.596E-15  r  4.5
  309  1.468E+09  1.473E+08  3.466E-03  2.841E+28  1.157E+06  8.138E+10  5.224E+00  2.224E-01  5.973E-15  r  4.5
  310  1.466E+09  1.498E+08  3.525E-03  2.841E+28  1.162E+06  8.315E+10  5.313E+00  2.219E-01  6.374E-15  r  4.5
  311  1.464E+09  1.523E+08  3.585E-03  2.841E+28  1.168E+06  8.497E+10  5.403E+00  2.213E-01  6.800E-15  r  4.5
  312  1.462E+09  1.549E+08  3.645E-03  2.841E+28  1.174E+06  8.681E+10  5.494E+00  2.208E-01  7.254E-15  r  4.5
  313  1.460E+09  1.575E+08  3.707E-03  2.841E+28  1.179E+06  8.870E+10  5.587E+00  2.202E-01  7.736E-15  r  4.5
  314  1.458E+09  1.601E+08  3.769E-03  2.841E+28  1.185E+06  9.062E+10  5.681E+00  2.197E-01  8.249E-15  r  4.5
  315  1.456E+09  1.628E+08  3.832E-03  2.841E+28  1.190E+06  9.258E+10  5.777E+00  2.192E-01  8.794E-15  r  4.5
  316  1.454E+09  1.655E+08  3.896E-03  2.841E+28  1.196E+06  9.458E+10  5.874E+00  2.186E-01  9.373E-15  r  4.5
  317  1.451E+09  1.682E+08  3.960E-03  2.841E+28  1.202E+06  9.662E+10  5.972E+00  2.181E-01  9.988E-15  r  4.5
  318  1.449E+09  1.710E+08  4.026E-03  2.841E+28  1.207E+06  9.870E+10  6.072E+00  2.176E-01  1.064E-14  r  4.5
  319  1.447E+09  1.738E+08  4.092E-03  2.841E+28  1.213E+06  1.008E+11  6.173E+00  2.170E-01  1.134E-14  r  4.5
  320  1.445E+09  1.767E+08  4.160E-03  2.841E+28  1.219E+06  1.030E+11  6.276E+00  2.165E-01  1.207E-14  r  4.5
  321  1.443E+09  1.796E+08  4.228E-03  2.841E+28  1.225E+06  1.052E+11  6.380E+00  2.160E-01  1.286E-14  r  4.5
  322  1.441E+09  1.825E+08  4.298E-03  2.841E+28  1.230E+06  1.074E+11  6.486E+00  2.155E-01  1.369E-14  r  4.5
  323  1.439E+09  1.855E+08  4.368E-03  2.841E+28  1.236E+06  1.097E+11  6.594E+00  2.150E-01  1.457E-14  r  4.5
  324  1.437E+09  1.886E+08  4.439E-03  2.841E+28  1.242E+06  1.120E+11  6.703E+00  2.144E-01  1.551E-14  r  4.5
  325  1.435E+09  1.916E+08  4.511E-03  2.841E+28  1.248E+06  1.144E+11  6.813E+00  2.139E-01  1.650E-14  r  4.5
  326  1.432E+09  1.947E+08  4.584E-03  2.841E+28  1.253E+06  1.169E+11  6.925E+00  2.134E-01  1.755E-14  r  4.5
  327  1.430E+09  1.979E+08  4.658E-03  2.841E+28  1.259E+06  1.193E+11  7.039E+00  2.129E-01  1.867E-14  r  4.5
  328  1.428E+09  2.011E+08  4.734E-03  2.841E+28  1.265E+06  1.218E+11  7.155E+00  2.124E-01  1.986E-14  r  4.5
  329  1.426E+09  2.043E+08  4.810E-03  2.841E+28  1.271E+06  1.244E+11  7.272E+00  2.119E-01  2.111E-14  r  4.5
  330  1.424E+09  2.076E+08  4.887E-03  2.841E+28  1.277E+06  1.270E+11  7.391E+00  2.114E-01  2.244E-14  r  4.5
  331  1.422E+09  2.110E+08  4.965E-03  2.841E+28  1.283E+06  1.297E+11  7.512E+00  2.109E-01  2.386E-14  r  4.5
  332  1.420E+09  2.144E+08  5.044E-03  2.841E+28  1.289E+06  1.324E+11  7.634E+00  2.104E-01  2.535E-14  r  4.5
  333  1.418E+09  2.178E+08  5.124E-03  2.841E+28  1.295E+06  1.352E+11  7.759E+00  2.099E-01  2.694E-14  r  4.5
  334  1.415E+09  2.213E+08  5.206E-03  2.841E+28  1.301E+06  1.380E+11  7.885E+00  2.094E-01  2.862E-14  r  4.5
  335  1.413E+09  2.248E+08  5.288E-03  2.841E+28  1.307E+06  1.409E+11  8.013E+00  2.089E-01  3.040E-14  r  4.5
  336  1.411E+09  2.284E+08  5.371E-03  2.841E+28  1.312E+06  1.438E+11  8.142E+00  2.084E-01  3.229E-14  r  4.5
  337  1.409E+09  2.320E+08  5.456E-03  2.841E+28  1.318E+06  1.468E+11  8.274E+00  2.080E-01  3.428E-14  r  4.5
  338  1.407E+09  2.357E+08  5.542E-03  2.841E+28  1.325E+06  1.499E+11  8.407E+00  2.075E-01  3.640E-14  r  4.5
  339  1.405E+09  2.394E+08  5.628E-03  2.841E+28  1.331E+06  1.530E+11  8.543E+00  2.070E-01  3.863E-14  r  4.5
  340  1.403E+09  2.432E+08  5.716E-03  2.841E+28  1.337E+06  1.562E+11  8.680E+00  2.065E-01  4.100E-14  r  4.5
  341  1.401E+09  2.470E+08  5.805E-03  2.841E+28  1.343E+06  1.594E+11  8.820E+00  2.060E-01  4.351E-14  r  4.5
  342  1.398E+09  2.509E+08  5.896E-03  2.841E+28  1.349E+06  1.627E+11  8.961E+00  2.056E-01  4.616E-14  r  4.5
  343  1.396E+09  2.548E+08  5.987E-03  2.841E+28  1.355E+06  1.660E+11  9.105E+00  2.051E-01  4.897E-14  r  4.5
  344  1.394E+09  2.588E+08  6.080E-03  2.841E+28  1.361E+06  1.694E+11  9.250E+00  2.046E-01  5.194E-14  r  4.5
  345  1.392E+09  2.629E+08  6.173E-03  2.841E+28  1.367E+06  1.729E+11  9.398E+00  2.041E-01  5.508E-14  r  4.5
  346  1.390E+09  2.670E+08  6.268E-03  2.841E+28  1.373E+06  1.765E+11  9.548E+00  2.037E-01  5.840E-14  r  4.5
  347  1.388E+09  2.711E+08  6.364E-03  2.841E+28  1.380E+06  1.801E+11  9.699E+00  2.032E-01  6.192E-14  r  4.5
  348  1.386E+09  2.753E+08  6.462E-03  2.841E+28  1.386E+06  1.838E+11  9.854E+00  2.027E-01  6.563E-14  r  4.5
  349  1.384E+09  2.796E+08  6.560E-03  2.841E+28  1.392E+06  1.875E+11  1.001E+01  2.023E-01  6.956E-14  r  4.5
  350  1.381E+09  2.839E+08  6.660E-03  2.841E+28  1.398E+06  1.913E+11  1.017E+01  2.018E-01  7.371E-14  r  4.5
  351  1.379E+09  2.883E+08  6.761E-03  2.841E+28  1.405E+06  1.952E+11  1.033E+01  2.014E-01  7.809E-14  r  4.5
  352  1.377E+09  2.928E+08  6.864E-03  2.841E+28  1.411E+06  1.992E+11  1.049E+01  2.009E-01  8.273E-14  r  4.5
  353  1.375E+09  2.973E+08  6.968E-03  2.841E+28  1.417E+06  2.032E+11  1.066E+01  2.004E-01  8.763E-14  r  4.5
  354  1.373E+09  3.018E+08  7.073E-03  2.841E+28  1.423E+06  2.074E+11  1.083E+01  2.000E-01  9.280E-14  r  4.5
  355  1.371E+09  3.065E+08  7.179E-03  2.841E+28  1.430E+06  2.116E+11  1.100E+01  1.995E-01  9.826E-14  r  4.5
  356  1.369E+09  3.111E+08  7.287E-03  2.841E+28  1.436E+06  2.158E+11  1.117E+01  1.991E-01  1.040E-13  r  4.5
  357  1.367E+09  3.159E+08  7.396E-03  2.841E+28  1.443E+06  2.202E+11  1.134E+01  1.986E-01  1.101E-13  r  4.5
  358  1.364E+09  3.207E+08  7.506E-03  2.841E+28  1.449E+06  2.246E+11  1.152E+01  1.982E-01  1.166E-13  r  4.5
  359  1.362E+09  3.256E+08  7.618E-03  2.841E+28  1.455E+06  2.291E+11  1.170E+01  1.978E-01  1.234E-13  r  4.5
  360  1.360E+09  3.305E+08  7.731E-03  2.841E+28  1.462E+06  2.337E+11  1.188E+01  1.973E-01  1.305E-13  r  4.5
  361  1.358E+09  3.355E+08  7.846E-03  2.841E+28  1.468E+06  2.384E+11  1.207E+01  1.969E-01  1.381E-13  r  4.5
  362  1.356E+09  3.406E+08  7.962E-03  2.841E+28  1.475E+06  2.432E+11  1.226E+01  1.964E-01  1.461E-13  r  4.5
  363  1.354E+09  3.457E+08  8.079E-03  2.841E+28  1.481E+06  2.481E+11  1.245E+01  1.960E-01  1.545E-13  r  4.5
  364  1.352E+09  3.510E+08  8.198E-03  2.841E+28  1.488E+06  2.530E+11  1.264E+01  1.956E-01  1.634E-13  r  4.5
  365  1.350E+09  3.562E+08  8.319E-03  2.841E+28  1.494E+06  2.581E+11  1.284E+01  1.951E-01  1.728E-13  r  4.5
  366  1.348E+09  3.616E+08  8.440E-03  2.841E+28  1.501E+06  2.632E+11  1.303E+01  1.947E-01  1.827E-13  r  4.5
  367  1.345E+09  3.670E+08  8.564E-03  2.841E+28  1.508E+06  2.684E+11  1.324E+01  1.943E-01  1.931E-13  r  4.5
  368  1.343E+09  3.725E+08  8.689E-03  2.841E+28  1.514E+06  2.738E+11  1.344E+01  1.938E-01  2.041E-13  r  4.5
  369  1.341E+09  3.781E+08  8.815E-03  2.841E+28  1.521E+06  2.792E+11  1.365E+01  1.934E-01  2.157E-13  r  4.5
  370  1.339E+09  3.837E+08  8.943E-03  2.841E+28  1.527E+06  2.847E+11  1.386E+01  1.930E-01  2.279E-13  r  4.5
  371  1.337E+09  3.894E+08  9.072E-03  2.841E+28  1.534E+06  2.904E+11  1.407E+01  1.925E-01  2.408E-13  r  4.5
  372  1.335E+09  3.952E+08  9.203E-03  2.841E+28  1.541E+06  2.961E+11  1.429E+01  1.921E-01  2.544E-13  r  4.5
  373  1.333E+09  4.011E+08  9.336E-03  2.841E+28  1.547E+06  3.020E+11  1.450E+01  1.917E-01  2.687E-13  r  4.5
  374  1.331E+09  4.070E+08  9.470E-03  2.841E+28  1.554E+06  3.079E+11  1.473E+01  1.913E-01  2.838E-13  r  4.5
  375  1.328E+09  4.130E+08  9.606E-03  2.841E+28  1.561E+06  3.140E+11  1.495E+01  1.909E-01  2.997E-13  r  4.5
  376  1.326E+09  4.191E+08  9.744E-03  2.841E+28  1.568E+06  3.202E+11  1.518E+01  1.904E-01  3.164E-13  r  4.5
  377  1.324E+09  4.253E+08  9.883E-03  2.841E+28  1.575E+06  3.264E+11  1.541E+01  1.900E-01  3.341E-13  r  4.5
  378  1.322E+09  4.315E+08  1.002E-02  2.841E+28  1.581E+06  3.328E+11  1.565E+01  1.896E-01  3.526E-13  r  4.5
  379  1.301E+09  4.989E+08  1.149E-02  2.841E+28  1.652E+06  4.056E+11  1.826E+01  1.853E-01  6.128E-13  r  4.5
  380  1.280E+09  5.757E+08  1.314E-02  2.841E+28  1.726E+06  4.935E+11  2.126E+01  1.813E-01  1.047E-12  r  4.5
  381  1.258E+09  6.631E+08  1.500E-02  2.841E+28  1.803E+06  5.991E+11  2.472E+01  1.774E-01  1.771E-12  r  4.5
  382  1.237E+09  7.625E+08  1.708E-02  2.841E+28  1.882E+06  7.259E+11  2.869E+01  1.737E-01  2.964E-12  r  4.4
  383  1.216E+09  8.754E+08  1.941E-02  2.841E+28  1.963E+06  8.778E+11  3.326E+01  1.700E-01  4.911E-12  r  4.4
  384  1.195E+09  1.003E+09  2.202E-02  2.841E+28  2.048E+06  1.060E+12  3.849E+01  1.665E-01  8.059E-12  r  4.4
  385  1.173E+09  1.148E+09  2.493E-02  2.841E+28  2.135E+06  1.277E+12  4.449E+01  1.631E-01  1.311E-11  r  4.4
  386  1.152E+09  1.312E+09  2.817E-02  2.841E+28  2.226E+06  1.537E+12  5.137E+01  1.597E-01  2.114E-11  r  4.4
  387  1.131E+09  1.498E+09  3.177E-02  2.841E+28  2.320E+06  1.847E+12  5.924E+01  1.565E-01  3.382E-11  r  4.4
  388  1.110E+09  1.707E+09  3.576E-02  2.841E+28  2.417E+06  2.217E+12  6.824E+01  1.533E-01  5.371E-11  r  4.4
  389  1.089E+09  1.943E+09  4.018E-02  2.841E+28  2.518E+06  2.658E+12  7.854E+01  1.502E-01  8.468E-11  r  4.4
  390  1.067E+09  2.210E+09  4.507E-02  2.841E+28  2.623E+06  3.183E+12  9.031E+01  1.472E-01  1.326E-10  r  4.4
  391  1.046E+09  2.510E+09  5.047E-02  2.841E+28  2.732E+06  3.809E+12  1.038E+02  1.443E-01  2.064E-10  r  4.4
  392  1.025E+09  2.847E+09  5.641E-02  2.841E+28  2.845E+06  4.553E+12  1.191E+02  1.414E-01  3.193E-10  r  4.4
  393  1.004E+09  3.226E+09  6.295E-02  2.841E+28  2.962E+06  5.438E+12  1.366E+02  1.385E-01  4.911E-10  r  4.4
  394  9.825E+08  3.653E+09  7.014E-02  2.841E+28  3.084E+06  6.490E+12  1.566E+02  1.357E-01  7.512E-10  r  4.4
  395  9.613E+08  4.132E+09  7.801E-02  2.841E+28  3.211E+06  7.739E+12  1.794E+02  1.330E-01  1.143E-09  r  4.3
  396  9.401E+08  4.669E+09  8.663E-02  2.841E+28  3.343E+06  9.223E+12  2.054E+02  1.303E-01  1.730E-09  r  4.3
  397  9.189E+08  5.271E+09  9.605E-02  2.841E+28  3.480E+06  1.098E+13  2.349E+02  1.276E-01  2.607E-09  r  4.3
  398  8.976E+08  5.945E+09  1.063E-01  2.841E+28  3.623E+06  1.307E+13  2.686E+02  1.250E-01  3.909E-09  r  4.3
  399  8.764E+08  6.700E+09  1.175E-01  2.841E+28  3.772E+06  1.555E+13  3.068E+02  1.224E-01  5.836E-09  r  4.3
  400  8.552E+08  7.544E+09  1.297E-01  2.841E+28  3.927E+06  1.848E+13  3.503E+02  1.199E-01  8.672E-09  r  4.3
  401  8.340E+08  8.487E+09  1.428E-01  2.841E+28  4.088E+06  2.195E+13  3.996E+02  1.173E-01  1.283E-08  r  4.2
  402  8.127E+08  9.540E+09  1.571E-01  2.841E+28  4.257E+06  2.605E+13  4.556E+02  1.148E-01  1.890E-08  r  4.2
  403  7.915E+08  1.071E+10  1.725E-01  2.841E+28  4.432E+06  3.089E+13  5.190E+02  1.123E-01  2.773E-08  r  4.2
  404  7.703E+08  1.202E+10  1.891E-01  2.841E+28  4.615E+06  3.661E+13  5.907E+02  1.099E-01  4.052E-08  r  4.2
  405  7.491E+08  1.347E+10  2.070E-01  2.841E+28  4.805E+06  4.335E+13  6.717E+02  1.074E-01  5.894E-08  r  4.2
  406  7.279E+08  1.509E+10  2.261E-01  2.841E+28  5.004E+06  5.129E+13  7.631E+02  1.050E-01  8.538E-08  r  4.1
  407  7.066E+08  1.688E+10  2.466E-01  2.841E+28  5.212E+06  6.061E+13  8.660E+02  1.025E-01  1.231E-07  r  4.1
  408  6.854E+08  1.887E+10  2.684E-01  2.841E+28  5.428E+06  7.155E+13  9.815E+02  1.001E-01  1.769E-07  r  4.1
  409  6.642E+08  2.106E+10  2.916E-01  2.841E+28  5.654E+06  8.435E+13  1.111E+03  9.769E-02  2.528E-07  r  4.0
  410  6.430E+08  2.348E+10  3.161E-01  2.841E+28  5.889E+06  9.931E+13  1.256E+03  9.529E-02  3.598E-07  r  4.0
  411  6.218E+08  2.615E+10  3.420E-01  2.841E+28  6.135E+06  1.167E+14  1.417E+03  9.288E-02  5.097E-07  r  3.9
  412  6.005E+08  2.908E+10  3.692E-01  2.841E+28  6.391E+06  1.370E+14  1.596E+03  9.048E-02  7.185E-07  r  3.9
  413  5.793E+08  3.229E+10  3.977E-01  2.841E+28  6.658E+06  1.605E+14  1.795E+03  8.809E-02  1.008E-06  r  3.8
  414  5.581E+08  3.580E+10  4.273E-01  2.841E+28  6.937E+06  1.876E+14  2.014E+03  8.570E-02  1.406E-06  r  3.8
  415  5.369E+08  3.962E+10  4.579E-01  2.841E+28  7.227E+06  2.188E+14  2.254E+03  8.332E-02  1.952E-06  r  3.7
  416  5.157E+08  4.377E+10  4.895E-01  2.841E+28  7.530E+06  2.545E+14  2.517E+03  8.094E-02  2.694E-06  r  3.7
  417  4.944E+08  4.827E+10  5.218E-01  2.841E+28  7.846E+06  2.953E+14  2.802E+03  7.857E-02  3.698E-06  r  3.6
  418  4.732E+08  5.312E+10  5.547E-01  2.840E+28  8.176E+06  3.416E+14  3.111E+03  7.622E-02  5.046E-06  r  3.5
  419  4.520E+08  5.834E+10  5.878E-01  2.840E+28  8.520E+06  3.940E+14  3.443E+03  7.387E-02  6.845E-06  r  3.5
  420  4.308E+08  6.392E+10  6.209E-01  2.840E+28  8.879E+06  4.529E+14  3.797E+03  7.154E-02  9.230E-06  r  3.4
  421  4.096E+08  6.987E+10  6.539E-01  2.840E+28  9.254E+06  5.189E+14  4.173E+03  6.923E-02  1.237E-05  r  3.3
  422  3.883E+08  7.618E+10  6.862E-01  2.840E+28  9.646E+06  5.923E+14  4.570E+03  6.695E-02  1.649E-05  r  3.2
  423  3.671E+08  8.284E+10  7.178E-01  2.839E+28  1.006E+07  6.736E+14  4.984E+03  6.469E-02  2.184E-05  r  3.1
  424  3.459E+08  8.986E+10  7.481E-01  2.839E+28  1.049E+07  7.633E+14  5.415E+03  6.247E-02  2.879E-05  r  3.0
  425  3.247E+08  9.719E+10  7.770E-01  2.839E+28  1.094E+07  8.618E+14  5.860E+03  6.029E-02  3.778E-05  r  2.9
  426  3.035E+08  1.048E+11  8.041E-01  2.838E+28  1.142E+07  9.698E+14  6.317E+03  5.816E-02  4.938E-05  r  2.8
  427  2.822E+08  1.128E+11  8.292E-01  2.837E+28  1.192E+07  1.088E+15  6.784E+03  5.608E-02  6.440E-05  r  2.7
  428  2.610E+08  1.210E+11  8.520E-01  2.836E+28  1.246E+07  1.217E+15  7.261E+03  5.406E-02  8.395E-05  r  2.5
  429  2.398E+08  1.294E+11  8.725E-01  2.835E+28  1.303E+07  1.360E+15  7.749E+03  5.209E-02  1.097E-04  c  2.4
  430  2.186E+08  1.381E+11  8.905E-01  2.834E+28  1.364E+07  1.519E+15  8.255E+03  5.022E-02  1.443E-04  c  2.3
  431  1.974E+08  1.470E+11  9.060E-01  2.833E+28  1.430E+07  1.700E+15  8.797E+03  4.846E-02  1.921E-04  c  2.2
  432  1.761E+08  1.562E+11  9.190E-01  2.831E+28  1.503E+07  1.912E+15  9.392E+03  4.679E-02  2.621E-04  c  2.1
  433  1.549E+08  1.657E+11  9.295E-01  2.830E+28  1.587E+07  2.170E+15  1.008E+04  4.519E-02  3.754E-04  c  2.1
  434  1.337E+08  1.756E+11  9.378E-01  2.828E+28  1.688E+07  2.506E+15  1.092E+04  4.363E-02  5.937E-04  c  2.1
  435  1.125E+08  1.860E+11  9.441E-01  2.825E+28  1.819E+07  2.986E+15  1.207E+04  4.212E-02  1.163E-03  c  2.2
  436  9.125E+07  1.974E+11  9.484E-01  2.821E+28  2.003E+07  3.778E+15  1.387E+04  4.063E-02  3.633E-03  c  2.3
  437  7.003E+07  2.107E+11  9.512E-01  2.806E+28  2.298E+07  5.435E+15  1.744E+04  3.921E-02  2.769E-02  r  2.7
  438  4.881E+07  2.291E+11  9.529E-01  2.564E+28  2.864E+07  1.133E+16  2.799E+04  3.766E-02  1.440E+00  r  3.2
  439  2.759E+07  5.717E+11  9.537E-01 -3.367E+29  7.481E+07  4.757E+17  3.048E+05  1.025E-01  4.108E-01  c -6.5
  440  6.366E+06  9.033E+11  9.540E-01 -1.589E+39  4.934E+08  5.749E+18  6.674E+02  3.400E-02  1.522E+11  c  1.1
  441 -1.485E+07  9.038E+11  9.541E-01 -1.601E+39  5.125E+08  5.749E+18  8.439E+02  3.400E-02  7.519E+10  c  0.0
  442 -1.698E+07  9.039E+11  9.541E-01 -1.601E+39  5.151E+08  5.749E+18  8.328E+01  3.400E-02  7.904E+09  c  0.0
  443 -1.910E+07  9.039E+11  9.541E-01 -1.601E+39  5.176E+08  5.749E+18  8.296E+01  3.400E-02  8.020E+09  c  0.0
  444 -2.122E+07  9.039E+11  9.541E-01 -1.602E+39  5.196E+08  5.749E+18  8.264E+01  3.400E-02  8.138E+09  c  0.0
  445 -2.334E+07  9.039E+11  9.541E-01 -1.602E+39  5.213E+08  5.749E+18  8.237E+01  3.400E-02  8.236E+09  c  0.0
  446 -2.546E+07  9.039E+11  9.541E-01 -1.602E+39  5.227E+08  5.749E+18  8.215E+01  3.400E-02  8.320E+09  c  0.0
  447 -2.759E+07  9.039E+11  9.541E-01 -1.602E+39  5.239E+08  5.749E+18  8.196E+01  3.400E-02  8.392E+09  c  0.0
  448 -2.971E+07  9.039E+11  9.541E-01 -1.602E+39  5.250E+08  5.749E+18  8.179E+01  3.400E-02  8.454E+09  c  0.0
  449 -3.183E+07  9.039E+11  9.541E-01 -1.602E+39  5.259E+08  5.749E+18  8.165E+01  3.400E-02  8.509E+09  c  0.0
  450 -3.395E+07  9.039E+11  9.541E-01 -1.602E+39  5.267E+08  5.749E+18  8.152E+01  3.400E-02  8.558E+09  c  0.0
  451 -3.608E+07  9.039E+11  9.541E-01 -1.602E+39  5.274E+08  5.749E+18  8.141E+01  3.400E-02  8.601E+09  c  0.0
  452 -3.820E+07  9.039E+11  9.541E-01 -1.602E+39  5.281E+08  5.749E+18  8.131E+01  3.400E-02  8.640E+09  c  0.0
  453 -4.032E+07  9.039E+11  9.541E-01 -1.602E+39  5.287E+08  5.749E+18  8.122E+01  3.400E-02  8.675E+09  c  0.0
  454 -4.244E+07  9.040E+11  9.541E-01 -1.602E+39  5.292E+08  5.749E+18  8.114E+01  3.400E-02  8.707E+09  c  0.0
  455 -4.456E+07  9.040E+11  9.541E-01 -1.602E+39  5.297E+08  5.749E+18  8.107E+01  3.400E-02  8.736E+09  c  0.0
  456 -4.669E+07  9.040E+11  9.541E-01 -1.602E+39  5.301E+08  5.749E+18  8.100E+01  3.400E-02  8.762E+09  c  0.0
  457 -4.881E+07  9.040E+11  9.541E-01 -1.602E+39  5.305E+08  5.749E+18  8.094E+01  3.400E-02  8.786E+09  c  0.0
  458 -5.093E+07  9.040E+11  9.541E-01 -1.602E+39  5.309E+08  5.749E+18  8.088E+01  3.400E-02  8.809E+09  c  0.0
  459 -5.305E+07  9.040E+11  9.541E-01 -1.602E+39  5.312E+08  5.749E+18  8.083E+01  3.400E-02  8.829E+09  c  0.0
  460 -5.517E+07  9.040E+11  9.541E-01 -1.602E+39  5.315E+08  5.749E+18  8.078E+01  3.400E-02  8.848E+09  c  0.0
  461 -5.730E+07  9.040E+11  9.541E-01 -1.602E+39  5.318E+08  5.749E+18  8.074E+01  3.400E-02  8.866E+09  c  0.0
  462 -5.942E+07  9.040E+11  9.541E-01 -1.602E+39  5.321E+08  5.749E+18  8.070E+01  3.400E-02  8.883E+09  c  0.0
  463 -6.154E+07  9.040E+11  9.541E-01 -1.602E+39  5.324E+08  5.749E+18  8.066E+01  3.400E-02  8.898E+09  c  0.0
  464 -6.366E+07  9.040E+11  9.541E-01 -1.602E+39  5.326E+08  5.749E+18  8.062E+01  3.400E-02  8.913E+09  c  0.0
  465 -6.578E+07  9.040E+11  9.541E-01 -1.602E+39  5.328E+08  5.749E+18  8.059E+01  3.400E-02  8.926E+09  c  0.0
  466 -6.791E+07  9.040E+11  9.541E-01 -1.602E+39  5.330E+08  5.749E+18  8.056E+01  3.400E-02  8.939E+09  c  0.0
  467 -7.003E+07  9.040E+11  9.541E-01 -1.603E+39  5.332E+08  5.749E+18  8.053E+01  3.400E-02  8.951E+09  c  0.0
  468 -7.215E+07  9.040E+11  9.541E-01 -1.603E+39  5.334E+08  5.749E+18  8.050E+01  3.400E-02  8.962E+09  c  0.0
  469 -7.427E+07  9.040E+11  9.541E-01 -1.603E+39  5.336E+08  5.749E+18  8.047E+01  3.400E-02  8.973E+09  c  0.0
  470 -7.639E+07  9.040E+11  9.541E-01 -1.603E+39  5.337E+08  5.749E+18  8.045E+01  3.400E-02  8.983E+09  c  0.0
  471 -7.852E+07  9.041E+11  9.541E-01 -1.603E+39  5.339E+08  5.749E+18  8.042E+01  3.400E-02  8.993E+09  c  0.0
  472 -8.064E+07  9.041E+11  9.541E-01 -1.603E+39  5.341E+08  5.749E+18  8.040E+01  3.400E-02  9.002E+09  c  0.0
  473 -8.276E+07  9.041E+11  9.541E-01 -1.603E+39  5.342E+08  5.749E+18  8.038E+01  3.400E-02  9.011E+09  c  0.0
  474 -8.488E+07  9.041E+11  9.541E-01 -1.603E+39  5.343E+08  5.749E+18  8.036E+01  3.400E-02  9.019E+09  c  0.0
  475 -8.700E+07  9.041E+11  9.541E-01 -1.604E+39  5.345E+08  5.749E+18  8.034E+01  3.400E-02  9.027E+09  c  0.0
  476 -8.913E+07  9.041E+11  9.541E-01 -1.604E+39  5.346E+08  5.749E+18  8.032E+01  3.400E-02  9.034E+09  c  0.0
  477 -9.125E+07  9.041E+11  9.541E-01 -1.604E+39  5.347E+08  5.749E+18  8.030E+01  3.400E-02  9.042E+09  c  0.0
  478 -9.337E+07  9.041E+11  9.541E-01 -1.604E+39  5.348E+08  5.749E+18  8.029E+01  3.400E-02  9.048E+09  c  0.0
  479 -9.549E+07  9.041E+11  9.541E-01 -1.604E+39  5.349E+08  5.749E+18  8.027E+01  3.400E-02  9.055E+09  c  0.0
  480 -9.761E+07  9.041E+11  9.541E-01 -1.604E+39  5.350E+08  5.749E+18  8.026E+01  3.400E-02  9.061E+09  c  0.0
  481 -9.974E+07  9.041E+11  9.541E-01 -1.605E+39  5.351E+08  5.749E+18  8.024E+01  3.400E-02  9.067E+09  c  0.0
  482 -1.019E+08  9.041E+11  9.541E-01 -1.605E+39  5.352E+08  5.749E+18  8.023E+01  3.400E-02  9.073E+09  c  0.0
  483 -1.040E+08  9.041E+11  9.541E-01 -1.605E+39  5.353E+08  5.749E+18  8.021E+01  3.400E-02  9.079E+09  c  0.0
  484 -1.061E+08  9.041E+11  9.542E-01 -1.605E+39  5.354E+08  5.749E+18  8.020E+01  3.400E-02  9.084E+09  c  0.0
  485 -1.082E+08  9.041E+11  9.542E-01 -1.606E+39  5.355E+08  5.749E+18  8.019E+01  3.400E-02  9.089E+09  c  0.0
  486 -1.103E+08  9.041E+11  9.542E-01 -1.606E+39  5.356E+08  5.749E+18  8.018E+01  3.400E-02  9.094E+09  c  0.0
  487 -1.125E+08  9.041E+11  9.542E-01 -1.606E+39  5.356E+08  5.749E+18  8.017E+01  3.400E-02  9.099E+09  c  0.0
  488 -1.146E+08  9.041E+11  9.542E-01 -1.606E+39  5.357E+08  5.749E+18  8.015E+01  3.400E-02  9.103E+09  c  0.0
  489 -1.167E+08  9.042E+11  9.542E-01 -1.607E+39  5.358E+08  5.749E+18  8.014E+01  3.400E-02  9.108E+09  c  0.0
  490 -1.188E+08  9.042E+11  9.542E-01 -1.607E+39  5.358E+08  5.749E+18  8.013E+01  3.400E-02  9.112E+09  c  0.0
  491 -1.210E+08  9.042E+11  9.542E-01 -1.607E+39  5.359E+08  5.749E+18  8.012E+01  3.400E-02  9.116E+09  c  0.0
  492 -1.231E+08  9.042E+11  9.542E-01 -1.607E+39  5.360E+08  5.749E+18  8.011E+01  3.400E-02  9.120E+09  c  0.0
  493 -1.252E+08  9.042E+11  9.542E-01 -1.608E+39  5.360E+08  5.749E+18  8.010E+01  3.400E-02  9.124E+09  c  0.0
  494 -1.273E+08  9.042E+11  9.542E-01 -1.608E+39  5.361E+08  5.749E+18  8.009E+01  3.400E-02  9.128E+09  c  0.0
  495 -1.294E+08  9.042E+11  9.542E-01 -1.608E+39  5.362E+08  5.749E+18  8.009E+01  3.400E-02  9.131E+09  c  0.0
  496 -1.316E+08  9.042E+11  9.542E-01 -1.609E+39  5.362E+08  5.749E+18  8.008E+01  3.400E-02  9.135E+09  c  0.0
  497 -1.337E+08  9.042E+11  9.542E-01 -1.609E+39  5.363E+08  5.749E+18  8.007E+01  3.400E-02  9.138E+09  c  0.0
  498 -1.358E+08  9.042E+11  9.542E-01 -1.609E+39  5.363E+08  5.749E+18  8.006E+01  3.400E-02  9.141E+09  c  0.0
  499 -1.379E+08  9.042E+11  9.542E-01 -1.610E+39  5.364E+08  5.749E+18  8.005E+01  3.400E-02  9.144E+09  c  0.0
  500 -1.401E+08  9.042E+11  9.543E-01 -1.610E+39  5.364E+08  5.749E+18  8.005E+01  3.400E-02  9.147E+09  c  0.0
  501 -1.422E+08  9.042E+11  9.543E-01 -1.611E+39  5.365E+08  5.749E+18  8.004E+01  3.400E-02  9.150E+09  c  0.0
  502 -1.443E+08  9.042E+11  9.543E-01 -1.611E+39  5.365E+08  5.749E+18  8.003E+01  3.400E-02  9.153E+09  c  0.0
  503 -1.464E+08  9.042E+11  9.543E-01 -1.611E+39  5.366E+08  5.749E+18  8.003E+01  3.400E-02  9.156E+09  c  0.0
  504 -1.485E+08  9.042E+11  9.543E-01 -1.612E+39  5.366E+08  5.749E+18  8.002E+01  3.400E-02  9.159E+09  c  0.0
  505 -1.507E+08  9.042E+11  9.543E-01 -1.612E+39  5.367E+08  5.749E+18  8.001E+01  3.400E-02  9.162E+09  c  0.0
  506 -1.528E+08  9.043E+11  9.543E-01 -1.613E+39  5.367E+08  5.749E+18  8.001E+01  3.400E-02  9.164E+09  c  0.0
  507 -1.549E+08  9.043E+11  9.543E-01 -1.613E+39  5.367E+08  5.749E+18  8.000E+01  3.400E-02  9.167E+09  c  0.0
  508 -1.570E+08  9.043E+11  9.543E-01 -1.614E+39  5.368E+08  5.749E+18  7.999E+01  3.400E-02  9.169E+09  c  0.0
  509 -1.592E+08  9.043E+11  9.543E-01 -1.614E+39  5.368E+08  5.749E+18  7.999E+01  3.400E-02  9.171E+09  c  0.0
  510 -1.613E+08  9.043E+11  9.544E-01 -1.615E+39  5.369E+08  5.749E+18  7.998E+01  3.400E-02  9.174E+09  c  0.0
  511 -1.634E+08  9.043E+11  9.544E-01 -1.615E+39  5.369E+08  5.749E+18  7.998E+01  3.400E-02  9.176E+09  c  0.0
  512 -1.655E+08  9.043E+11  9.544E-01 -1.616E+39  5.369E+08  5.749E+18  7.997E+01  3.400E-02  9.178E+09  c  0.0
  513 -1.676E+08  9.043E+11  9.544E-01 -1.616E+39  5.370E+08  5.749E+18  7.997E+01  3.400E-02  9.180E+09  c  0.0
  514 -1.698E+08  9.043E+11  9.544E-01 -1.617E+39  5.370E+08  5.749E+18  7.996E+01  3.400E-02  9.182E+09  c  0.0
  515 -1.719E+08  9.043E+11  9.544E-01 -1.618E+39  5.370E+08  5.749E+18  7.996E+01  3.400E-02  9.185E+09  c  0.0
  516 -1.740E+08  9.043E+11  9.544E-01 -1.618E+39  5.371E+08  5.749E+18  7.995E+01  3.400E-02  9.187E+09  c  0.0
  517 -1.761E+08  9.043E+11  9.544E-01 -1.619E+39  5.371E+08  5.749E+18  7.995E+01  3.400E-02  9.188E+09  c  0.0
  518 -1.783E+08  9.043E+11  9.545E-01 -1.619E+39  5.371E+08  5.749E+18  7.994E+01  3.400E-02  9.190E+09  c  0.0
  519 -1.804E+08  9.043E+11  9.545E-01 -1.620E+39  5.372E+08  5.749E+18  7.994E+01  3.400E-02  9.192E+09  c  0.0
  520 -1.825E+08  9.043E+11  9.545E-01 -1.621E+39  5.372E+08  5.749E+18  7.993E+01  3.400E-02  9.194E+09  c  0.0
  521 -1.846E+08  9.043E+11  9.545E-01 -1.621E+39  5.372E+08  5.749E+18  7.993E+01  3.400E-02  9.196E+09  c  0.0
  522 -1.867E+08  9.043E+11  9.545E-01 -1.622E+39  5.372E+08  5.749E+18  7.993E+01  3.400E-02  9.198E+09  c  0.0
  523 -1.889E+08  9.044E+11  9.545E-01 -1.623E+39  5.373E+08  5.749E+18  7.992E+01  3.400E-02  9.199E+09  c  0.0
  524 -1.910E+08  9.044E+11  9.545E-01 -1.624E+39  5.373E+08  5.749E+18  7.992E+01  3.400E-02  9.201E+09  c  0.0
  525 -1.931E+08  9.044E+11  9.546E-01 -1.624E+39  5.373E+08  5.749E+18  7.991E+01  3.400E-02  9.202E+09  c  0.0
  526 -1.952E+08  9.044E+11  9.546E-01 -1.625E+39  5.373E+08  5.749E+18  7.991E+01  3.400E-02  9.204E+09  c  0.0
  527 -1.974E+08  9.044E+11  9.546E-01 -1.626E+39  5.374E+08  5.749E+18  7.991E+01  3.400E-02  9.206E+09  c  0.0
  528 -1.995E+08  9.044E+11  9.546E-01 -1.627E+39  5.374E+08  5.749E+18  7.990E+01  3.400E-02  9.207E+09  c  0.0
  529 -2.016E+08  9.044E+11  9.546E-01 -1.627E+39  5.374E+08  5.749E+18  7.990E+01  3.400E-02  9.209E+09  c  0.0
  530 -2.037E+08  9.044E+11  9.546E-01 -1.628E+39  5.374E+08  5.749E+18  7.990E+01  3.400E-02  9.210E+09  c  0.0
  531 -2.058E+08  9.044E+11  9.547E-01 -1.629E+39  5.375E+08  5.749E+18  7.989E+01  3.400E-02  9.211E+09  c  0.0
  532 -2.080E+08  9.044E+11  9.547E-01 -1.630E+39  5.375E+08  5.749E+18  7.989E+01  3.400E-02  9.213E+09  c  0.0
  533 -2.101E+08  9.044E+11  9.547E-01 -1.631E+39  5.375E+08  5.749E+18  7.989E+01  3.400E-02  9.214E+09  c  0.0
  534 -2.122E+08  9.044E+11  9.547E-01 -1.632E+39  5.375E+08  5.749E+18  7.988E+01  3.400E-02  9.216E+09  c  0.0
  535 -2.143E+08  9.044E+11  9.547E-01 -1.633E+39  5.375E+08  5.749E+18  7.988E+01  3.400E-02  9.217E+09  c  0.0
  536 -2.164E+08  9.044E+11  9.548E-01 -1.634E+39  5.376E+08  5.749E+18  7.988E+01  3.400E-02  9.218E+09  c  0.0
  537 -2.186E+08  9.044E+11  9.548E-01 -1.634E+39  5.376E+08  5.749E+18  7.987E+01  3.400E-02  9.219E+09  c  0.0
  538 -2.207E+08  9.044E+11  9.548E-01 -1.635E+39  5.376E+08  5.749E+18  7.987E+01  3.400E-02  9.221E+09  c  0.0
  539 -2.228E+08  9.044E+11  9.548E-01 -1.636E+39  5.376E+08  5.749E+18  7.987E+01  3.400E-02  9.222E+09  c  0.0
  540 -2.249E+08  9.044E+11  9.548E-01 -1.637E+39  5.376E+08  5.749E+18  7.986E+01  3.400E-02  9.223E+09  c  0.0
  541 -2.271E+08  9.045E+11  9.549E-01 -1.638E+39  5.377E+08  5.749E+18  7.986E+01  3.400E-02  9.224E+09  c  0.0
  542 -2.292E+08  9.045E+11  9.549E-01 -1.639E+39  5.377E+08  5.749E+18  7.986E+01  3.400E-02  9.225E+09  c  0.0
  543 -2.313E+08  9.045E+11  9.549E-01 -1.641E+39  5.377E+08  5.749E+18  7.986E+01  3.400E-02  9.226E+09  c  0.0
  544 -2.334E+08  9.045E+11  9.549E-01 -1.642E+39  5.377E+08  5.749E+18  7.985E+01  3.400E-02  9.228E+09  c  0.0
  545 -2.355E+08  9.045E+11  9.549E-01 -1.643E+39  5.377E+08  5.749E+18  7.985E+01  3.400E-02  9.229E+09  c  0.0
  546 -2.377E+08  9.045E+11  9.550E-01 -1.644E+39  5.378E+08  5.749E+18  7.985E+01  3.400E-02  9.230E+09  c  0.0
  547 -2.398E+08  9.045E+11  9.550E-01 -1.645E+39  5.378E+08  5.749E+18  7.985E+01  3.400E-02  9.231E+09  c  0.0
  548 -2.419E+08  9.045E+11  9.550E-01 -1.646E+39  5.378E+08  5.749E+18  7.984E+01  3.400E-02  9.232E+09  c  0.0
  549 -2.440E+08  9.045E+11  9.550E-01 -1.647E+39  5.378E+08  5.749E+18  7.984E+01  3.400E-02  9.233E+09  c  0.0
  550 -2.462E+08  9.045E+11  9.551E-01 -1.649E+39  5.378E+08  5.749E+18  7.984E+01  3.400E-02  9.234E+09  c  0.0
  551 -2.483E+08  9.045E+11  9.551E-01 -1.650E+39  5.378E+08  5.749E+18  7.984E+01  3.400E-02  9.235E+09  c  0.0
  552 -2.504E+08  9.045E+11  9.551E-01 -1.651E+39  5.379E+08  5.749E+18  7.983E+01  3.400E-02  9.236E+09  c  0.0
  553 -2.525E+08  9.045E+11  9.551E-01 -1.652E+39  5.379E+08  5.749E+18  7.983E+01  3.400E-02  9.237E+09  c  0.0
  554 -2.546E+08  9.045E+11  9.552E-01 -1.654E+39  5.379E+08  5.749E+18  7.983E+01  3.400E-02  9.238E+09  c  0.0
  555 -2.568E+08  9.045E+11  9.552E-01 -1.655E+39  5.379E+08  5.749E+18  7.983E+01  3.400E-02  9.238E+09  c  0.0
  556 -2.589E+08  9.045E+11  9.552E-01 -1.656E+39  5.379E+08  5.749E+18  7.983E+01  3.400E-02  9.239E+09  c  0.0
  557 -2.610E+08  9.045E+11  9.553E-01 -1.658E+39  5.379E+08  5.749E+18  7.982E+01  3.400E-02  9.240E+09  c  0.0
  558 -2.631E+08  9.046E+11  9.553E-01 -1.659E+39  5.379E+08  5.749E+18  7.982E+01  3.400E-02  9.241E+09  c  0.0
  559 -2.653E+08  9.046E+11  9.553E-01 -1.660E+39  5.380E+08  5.749E+18  7.982E+01  3.400E-02  9.242E+09  c  0.0
  560 -2.674E+08  9.046E+11  9.553E-01 -1.662E+39  5.380E+08  5.749E+18  7.982E+01  3.400E-02  9.243E+09  c  0.0
  561 -2.695E+08  9.046E+11  9.554E-01 -1.663E+39  5.380E+08  5.749E+18  7.981E+01  3.400E-02  9.244E+09  c  0.0
  562 -2.716E+08  9.046E+11  9.554E-01 -1.665E+39  5.380E+08  5.749E+18  7.981E+01  3.400E-02  9.244E+09  c  0.0
  563 -2.737E+08  9.046E+11  9.554E-01 -1.666E+39  5.380E+08  5.749E+18  7.981E+01  3.400E-02  9.245E+09  c  0.0
  564 -2.759E+08  9.046E+11  9.555E-01 -1.668E+39  5.380E+08  5.749E+18  7.981E+01  3.400E-02  9.246E+09  c  0.0
  565 -2.780E+08  9.046E+11  9.555E-01 -1.669E+39  5.380E+08  5.749E+18  7.981E+01  3.400E-02  9.247E+09  c  0.0
  566 -2.801E+08  9.046E+11  9.555E-01 -1.671E+39  5.380E+08  5.749E+18  7.981E+01  3.400E-02  9.248E+09  c  0.0
  567 -2.822E+08  9.046E+11  9.556E-01 -1.672E+39  5.381E+08  5.749E+18  7.980E+01  3.400E-02  9.248E+09  c  0.0
  568 -2.844E+08  9.046E+11  9.556E-01 -1.674E+39  5.381E+08  5.749E+18  7.980E+01  3.400E-02  9.249E+09  c  0.0
  569 -2.865E+08  9.046E+11  9.556E-01 -1.675E+39  5.381E+08  5.749E+18  7.980E+01  3.400E-02  9.250E+09  c  0.0
  570 -2.886E+08  9.046E+11  9.557E-01 -1.677E+39  5.381E+08  5.749E+18  7.980E+01  3.400E-02  9.250E+09  c  0.0
  571 -2.907E+08  9.046E+11  9.557E-01 -1.679E+39  5.381E+08  5.749E+18  7.980E+01  3.400E-02  9.251E+09  c  0.0
  572 -2.928E+08  9.046E+11  9.557E-01 -1.681E+39  5.381E+08  5.749E+18  7.980E+01  3.400E-02  9.252E+09  c  0.0
  573 -2.950E+08  9.046E+11  9.558E-01 -1.682E+39  5.381E+08  5.749E+18  7.979E+01  3.400E-02  9.252E+09  c  0.0
  574 -2.971E+08  9.046E+11  9.558E-01 -1.684E+39  5.381E+08  5.749E+18  7.979E+01  3.400E-02  9.253E+09  c  0.0
  575 -2.992E+08  9.047E+11  9.559E-01 -1.686E+39  5.381E+08  5.749E+18  7.979E+01  3.400E-02  9.254E+09  c  0.0
  576 -3.013E+08  9.047E+11  9.559E-01 -1.688E+39  5.382E+08  5.749E+18  7.979E+01  3.400E-02  9.254E+09  c  0.0
  577 -3.035E+08  9.047E+11  9.559E-01 -1.689E+39  5.382E+08  5.749E+18  7.979E+01  3.400E-02  9.255E+09  c  0.0
  578 -3.056E+08  9.047E+11  9.560E-01 -1.691E+39  5.382E+08  5.749E+18  7.979E+01  3.400E-02  9.256E+09  c  0.0
  579 -3.077E+08  9.047E+11  9.560E-01 -1.693E+39  5.382E+08  5.749E+18  7.978E+01  3.400E-02  9.256E+09  c  0.0
  580 -3.098E+08  9.047E+11  9.560E-01 -1.695E+39  5.382E+08  5.749E+18  7.978E+01  3.400E-02  9.257E+09  c  0.0
  581 -3.119E+08  9.047E+11  9.561E-01 -1.697E+39  5.382E+08  5.749E+18  7.978E+01  3.400E-02  9.258E+09  c  0.0
  582 -3.141E+08  9.047E+11  9.561E-01 -1.699E+39  5.382E+08  5.749E+18  7.978E+01  3.400E-02  9.258E+09  c  0.0
  583 -3.162E+08  9.047E+11  9.562E-01 -1.701E+39  5.382E+08  5.749E+18  7.978E+01  3.400E-02  9.259E+09  c  0.0
  584 -3.183E+08  9.047E+11  9.562E-01 -1.703E+39  5.382E+08  5.749E+18  7.978E+01  3.400E-02  9.259E+09  c  0.0
  585 -3.204E+08  9.047E+11  9.563E-01 -1.705E+39  5.382E+08  5.749E+18  7.978E+01  3.400E-02  9.260E+09  c  0.0
  586 -3.226E+08  9.047E+11  9.563E-01 -1.707E+39  5.383E+08  5.749E+18  7.977E+01  3.400E-02  9.260E+09  c  0.0
  587 -3.247E+08  9.047E+11  9.563E-01 -1.709E+39  5.383E+08  5.749E+18  7.977E+01  3.400E-02  9.261E+09  c  0.0
  588 -3.268E+08  9.047E+11  9.564E-01 -1.711E+39  5.383E+08  5.749E+18  7.977E+01  3.400E-02  9.262E+09  c  0.0
  589 -3.289E+08  9.047E+11  9.564E-01 -1.713E+39  5.383E+08  5.749E+18  7.977E+01  3.400E-02  9.262E+09  c  0.0
  590 -3.310E+08  9.047E+11  9.565E-01 -1.716E+39  5.383E+08  5.749E+18  7.977E+01  3.400E-02  9.263E+09  c  0.0
  591 -3.332E+08  9.047E+11  9.565E-01 -1.718E+39  5.383E+08  5.749E+18  7.977E+01  3.400E-02  9.263E+09  c  0.0
  592 -3.353E+08  9.047E+11  9.566E-01 -1.720E+39  5.383E+08  5.749E+18  7.977E+01  3.400E-02  9.264E+09  c  0.0
  593 -3.374E+08  9.048E+11  9.566E-01 -1.722E+39  5.383E+08  5.749E+18  7.977E+01  3.400E-02  9.264E+09  c  0.0
  594 -3.395E+08  9.048E+11  9.567E-01 -1.725E+39  5.383E+08  5.749E+18  7.976E+01  3.400E-02  9.265E+09  c  0.0
  595 -3.417E+08  9.048E+11  9.567E-01 -1.727E+39  5.383E+08  5.749E+18  7.976E+01  3.400E-02  9.265E+09  c  0.0
  596 -3.438E+08  9.048E+11  9.568E-01 -1.729E+39  5.383E+08  5.749E+18  7.976E+01  3.400E-02  9.266E+09  c  0.0
  597 -3.459E+08  9.048E+11  9.568E-01 -1.732E+39  5.383E+08  5.749E+18  7.976E+01  3.400E-02  9.266E+09  c  0.0
  598 -3.480E+08  9.048E+11  9.569E-01 -1.734E+39  5.384E+08  5.749E+18  7.976E+01  3.400E-02  9.267E+09  c  0.0
  599 -3.501E+08  9.048E+11  9.569E-01 -1.736E+39  5.384E+08  5.749E+18  7.976E+01  3.400E-02  9.267E+09  c  0.0
  600 -3.523E+08  9.048E+11  9.570E-01 -1.739E+39  5.384E+08  5.749E+18  7.976E+01  3.400E-02  9.268E+09  c  0.0
  601 -3.544E+08  9.048E+11  9.570E-01 -1.741E+39  5.384E+08  5.749E+18  7.976E+01  3.400E-02  9.268E+09  c  0.0
  602 -3.565E+08  9.048E+11  9.571E-01 -1.744E+39  5.384E+08  5.749E+18  7.976E+01  3.400E-02  9.268E+09  c  0.0
  603 -3.586E+08  9.048E+11  9.571E-01 -1.746E+39  5.384E+08  5.749E+18  7.975E+01  3.400E-02  9.269E+09  c  0.0
  604 -3.607E+08  9.048E+11  9.572E-01 -1.749E+39  5.384E+08  5.749E+18  7.975E+01  3.400E-02  9.269E+09  c  0.0
  605 -3.629E+08  9.048E+11  9.572E-01 -1.752E+39  5.384E+08  5.749E+18  7.975E+01  3.400E-02  9.270E+09  c  0.0
  606 -3.650E+08  9.048E+11  9.573E-01 -1.754E+39  5.384E+08  5.749E+18  7.975E+01  3.400E-02  9.270E+09  c  0.0
  607 -3.671E+08  9.048E+11  9.573E-01 -1.757E+39  5.384E+08  5.749E+18  7.975E+01  3.400E-02  9.271E+09  c  0.0
  608 -3.692E+08  9.048E+11  9.574E-01 -1.760E+39  5.384E+08  5.749E+18  7.975E+01  3.400E-02  9.271E+09  c  0.0
  609 -3.714E+08  9.048E+11  9.575E-01 -1.762E+39  5.384E+08  5.749E+18  7.975E+01  3.400E-02  9.271E+09  c  0.0
  610 -3.735E+08  9.049E+11  9.575E-01 -1.765E+39  5.384E+08  5.749E+18  7.975E+01  3.400E-02  9.272E+09  c  0.0
  611 -3.756E+08  9.049E+11  9.576E-01 -1.768E+39  5.384E+08  5.749E+18  7.975E+01  3.400E-02  9.272E+09  c  0.0
  612 -3.777E+08  9.049E+11  9.576E-01 -1.771E+39  5.385E+08  5.749E+18  7.975E+01  3.400E-02  9.273E+09  c  0.0
  613 -3.798E+08  9.049E+11  9.577E-01 -1.774E+39  5.385E+08  5.749E+18  7.974E+01  3.400E-02  9.273E+09  c  0.0
  614 -3.820E+08  9.049E+11  9.578E-01 -1.776E+39  5.385E+08  5.749E+18  7.974E+01  3.400E-02  9.273E+09  c  0.0
  615 -3.841E+08  9.049E+11  9.578E-01 -1.779E+39  5.385E+08  5.749E+18  7.974E+01  3.400E-02  9.274E+09  c  0.0
  616 -3.862E+08  9.049E+11  9.579E-01 -1.782E+39  5.385E+08  5.749E+18  7.974E+01  3.400E-02  9.274E+09  c  0.0
  617 -3.883E+08  9.049E+11  9.579E-01 -1.785E+39  5.385E+08  5.749E+18  7.974E+01  3.400E-02  9.275E+09  c  0.0
  618 -3.905E+08  9.049E+11  9.580E-01 -1.788E+39  5.385E+08  5.749E+18  7.974E+01  3.400E-02  9.275E+09  c  0.0
  619 -3.926E+08  9.049E+11  9.581E-01 -1.791E+39  5.385E+08  5.749E+18  7.974E+01  3.400E-02  9.275E+09  c  0.0
  620 -3.947E+08  9.049E+11  9.581E-01 -1.795E+39  5.385E+08  5.749E+18  7.974E+01  3.400E-02  9.276E+09  c  0.0
  621 -3.968E+08  9.049E+11  9.582E-01 -1.798E+39  5.385E+08  5.749E+18  7.974E+01  3.400E-02  9.276E+09  c  0.0
  622 -3.989E+08  9.049E+11  9.583E-01 -1.801E+39  5.385E+08  5.749E+18  7.974E+01  3.400E-02  9.276E+09  c  0.0
  623 -4.011E+08  9.049E+11  9.583E-01 -1.804E+39  5.385E+08  5.749E+18  7.974E+01  3.400E-02  9.277E+09  c  0.0
  624 -4.032E+08  9.049E+11  9.584E-01 -1.807E+39  5.385E+08  5.749E+18  7.973E+01  3.400E-02  9.277E+09  c  0.0
  625 -4.053E+08  9.049E+11  9.585E-01 -1.810E+39  5.385E+08  5.749E+18  7.973E+01  3.400E-02  9.277E+09  c  0.0
  626 -4.074E+08  9.049E+11  9.585E-01 -1.814E+39  5.385E+08  5.749E+18  7.973E+01  3.400E-02  9.278E+09  c  0.0
  627 -4.096E+08  9.050E+11  9.586E-01 -1.817E+39  5.385E+08  5.749E+18  7.973E+01  3.400E-02  9.278E+09  c  0.0
  628 -4.117E+08  9.050E+11  9.587E-01 -1.820E+39  5.385E+08  5.749E+18  7.973E+01  3.400E-02  9.278E+09  c  0.0
  629 -4.138E+08  9.050E+11  9.588E-01 -1.824E+39  5.385E+08  5.749E+18  7.973E+01  3.400E-02  9.279E+09  c  0.0
  630 -4.159E+08  9.050E+11  9.588E-01 -1.827E+39  5.386E+08  5.749E+18  7.973E+01  3.400E-02  9.279E+09  c  0.0
  631 -4.180E+08  9.050E+11  9.589E-01 -1.831E+39  5.386E+08  5.749E+18  7.973E+01  3.400E-02  9.279E+09  c  0.0
  632 -4.202E+08  9.050E+11  9.590E-01 -1.834E+39  5.386E+08  5.749E+18  7.973E+01  3.400E-02  9.280E+09  c  0.0
  633 -4.223E+08  9.050E+11  9.590E-01 -1.838E+39  5.386E+08  5.749E+18  7.973E+01  3.400E-02  9.280E+09  c  0.0
  634 -4.244E+08  9.050E+11  9.591E-01 -1.841E+39  5.386E+08  5.749E+18  7.973E+01  3.400E-02  9.280E+09  c  0.0
  635 -4.265E+08  9.050E+11  9.592E-01 -1.845E+39  5.386E+08  5.749E+18  7.973E+01  3.400E-02  9.281E+09  c  0.0
  636 -4.287E+08  9.050E+11  9.593E-01 -1.849E+39  5.386E+08  5.749E+18  7.973E+01  3.400E-02  9.281E+09  c  0.0
  637 -4.308E+08  9.050E+11  9.594E-01 -1.852E+39  5.386E+08  5.749E+18  7.973E+01  3.400E-02  9.281E+09  c  0.0
  638 -4.329E+08  9.050E+11  9.594E-01 -1.856E+39  5.386E+08  5.749E+18  7.972E+01  3.400E-02  9.281E+09  c  0.0
  639 -4.350E+08  9.050E+11  9.595E-01 -1.860E+39  5.386E+08  5.749E+18  7.972E+01  3.400E-02  9.282E+09  c  0.0
  640 -4.371E+08  9.050E+11  9.596E-01 -1.864E+39  5.386E+08  5.749E+18  7.972E+01  3.400E-02  9.282E+09  c  0.0
  641 -4.393E+08  9.050E+11  9.597E-01 -1.867E+39  5.386E+08  5.749E+18  7.972E+01  3.400E-02  9.282E+09  c  0.0
  642 -4.414E+08  9.050E+11  9.598E-01 -1.871E+39  5.386E+08  5.749E+18  7.972E+01  3.400E-02  9.283E+09  c  0.0
  643 -4.435E+08  9.050E+11  9.598E-01 -1.875E+39  5.386E+08  5.749E+18  7.972E+01  3.400E-02  9.283E+09  c  0.0
  644 -4.456E+08  9.050E+11  9.599E-01 -1.879E+39  5.386E+08  5.749E+18  7.972E+01  3.400E-02  9.283E+09  c  0.0
  645 -4.478E+08  9.051E+11  9.600E-01 -1.883E+39  5.386E+08  5.749E+18  7.972E+01  3.400E-02  9.283E+09  c  0.0
  646 -4.499E+08  9.051E+11  9.601E-01 -1.887E+39  5.386E+08  5.749E+18  7.972E+01  3.400E-02  9.284E+09  c  0.0
  647 -4.520E+08  9.051E+11  9.602E-01 -1.891E+39  5.386E+08  5.749E+18  7.972E+01  3.400E-02  9.284E+09  c  0.0
  648 -4.541E+08  9.051E+11  9.603E-01 -1.895E+39  5.386E+08  5.749E+18  7.972E+01  3.400E-02  9.284E+09  c  0.0
  649 -4.562E+08  9.051E+11  9.603E-01 -1.899E+39  5.386E+08  5.749E+18  7.972E+01  3.400E-02  9.284E+09  c  0.0
  650 -4.584E+08  9.051E+11  9.604E-01 -1.903E+39  5.386E+08  5.749E+18  7.972E+01  3.400E-02  9.285E+09  c  0.0
  651 -4.605E+08  9.051E+11  9.605E-01 -1.908E+39  5.386E+08  5.749E+18  7.972E+01  3.400E-02  9.285E+09  c  0.0
  652 -4.626E+08  9.051E+11  9.606E-01 -1.912E+39  5.387E+08  5.749E+18  7.972E+01  3.400E-02  9.285E+09  c  0.0
  653 -4.647E+08  9.051E+11  9.607E-01 -1.916E+39  5.387E+08  5.749E+18  7.971E+01  3.400E-02  9.285E+09  c  0.0
  654 -4.669E+08  9.051E+11  9.608E-01 -1.921E+39  5.387E+08  5.749E+18  7.971E+01  3.400E-02  9.286E+09  c  0.0
  655 -4.690E+08  9.051E+11  9.609E-01 -1.925E+39  5.387E+08  5.749E+18  7.971E+01  3.400E-02  9.286E+09  c  0.0
  656 -4.711E+08  9.051E+11  9.610E-01 -1.929E+39  5.387E+08  5.749E+18  7.971E+01  3.400E-02  9.286E+09  c  0.0
  657 -4.732E+08  9.051E+11  9.611E-01 -1.934E+39  5.387E+08  5.749E+18  7.971E+01  3.400E-02  9.286E+09  c  0.0
  658 -4.753E+08  9.051E+11  9.612E-01 -1.938E+39  5.387E+08  5.749E+18  7.971E+01  3.400E-02  9.287E+09  c  0.0
  659 -4.775E+08  9.051E+11  9.613E-01 -1.943E+39  5.387E+08  5.749E+18  7.971E+01  3.400E-02  9.287E+09  c  0.0
  660 -4.796E+08  9.051E+11  9.613E-01 -1.947E+39  5.387E+08  5.749E+18  7.971E+01  3.400E-02  9.287E+09  c  0.0
  661 -4.817E+08  9.051E+11  9.614E-01 -1.952E+39  5.387E+08  5.749E+18  7.971E+01  3.400E-02  9.287E+09  c  0.0
  662 -4.838E+08  9.052E+11  9.615E-01 -1.957E+39  5.387E+08  5.749E+18  7.971E+01  3.400E-02  9.288E+09  c  0.0
  663 -4.860E+08  9.052E+11  9.616E-01 -1.961E+39  5.387E+08  5.749E+18  7.971E+01  3.400E-02  9.288E+09  c  0.0
  664 -4.881E+08  9.052E+11  9.617E-01 -1.966E+39  5.387E+08  5.749E+18  7.971E+01  3.400E-02  9.288E+09  c  0.0
  665 -4.902E+08  9.052E+11  9.618E-01 -1.971E+39  5.387E+08  5.749E+18  7.971E+01  3.400E-02  9.288E+09  c  0.0
  666 -4.923E+08  9.052E+11  9.619E-01 -1.976E+39  5.387E+08  5.749E+18  7.971E+01  3.400E-02  9.288E+09  c  0.0
  667 -4.944E+08  9.052E+11  9.620E-01 -1.980E+39  5.387E+08  5.749E+18  7.971E+01  3.400E-02  9.289E+09  c  0.0
  668 -4.966E+08  9.052E+11  9.621E-01 -1.985E+39  5.387E+08  5.749E+18  7.971E+01  3.400E-02  9.289E+09  c  0.0
  669 -4.987E+08  9.052E+11  9.622E-01 -1.990E+39  5.387E+08  5.749E+18  7.971E+01  3.400E-02  9.289E+09  c  0.0
  670 -5.008E+08  9.052E+11  9.624E-01 -1.995E+39  5.387E+08  5.749E+18  7.971E+01  3.400E-02  9.289E+09  c  0.0
  671 -5.029E+08  9.052E+11  9.625E-01 -2.000E+39  5.387E+08  5.749E+18  7.971E+01  3.400E-02  9.289E+09  c  0.0
  672 -5.050E+08  9.052E+11  9.626E-01 -2.005E+39  5.387E+08  5.749E+18  7.970E+01  3.400E-02  9.290E+09  c  0.0
  673 -5.072E+08  9.052E+11  9.627E-01 -2.010E+39  5.387E+08  5.749E+18  7.970E+01  3.400E-02  9.290E+09  c  0.0
  674 -5.093E+08  9.052E+11  9.628E-01 -2.015E+39  5.387E+08  5.749E+18  7.970E+01  3.400E-02  9.290E+09  c  0.0
  675 -5.114E+08  9.052E+11  9.629E-01 -2.021E+39  5.387E+08  5.749E+18  7.970E+01  3.400E-02  9.290E+09  c  0.0
  676 -5.135E+08  9.052E+11  9.630E-01 -2.026E+39  5.387E+08  5.749E+18  7.970E+01  3.400E-02  9.290E+09  c  0.0
  677 -5.157E+08  9.052E+11  9.631E-01 -2.031E+39  5.387E+08  5.749E+18  7.970E+01  3.400E-02  9.291E+09  c  0.0
  678 -5.178E+08  9.052E+11  9.632E-01 -2.036E+39  5.387E+08  5.749E+18  7.970E+01  3.400E-02  9.291E+09  c  0.0
  679 -5.199E+08  9.052E+11  9.633E-01 -2.042E+39  5.387E+08  5.749E+18  7.970E+01  3.400E-02  9.291E+09  c  0.0
  680 -5.220E+08  9.053E+11  9.634E-01 -2.047E+39  5.387E+08  5.749E+18  7.970E+01  3.400E-02  9.291E+09  c  0.0
  681 -5.241E+08  9.053E+11  9.636E-01 -2.053E+39  5.388E+08  5.749E+18  7.970E+01  3.400E-02  9.291E+09  c  0.0
  682 -5.263E+08  9.053E+11  9.637E-01 -2.058E+39  5.388E+08  5.749E+18  7.970E+01  3.400E-02  9.291E+09  c  0.0
  683 -5.284E+08  9.053E+11  9.638E-01 -2.064E+39  5.388E+08  5.749E+18  7.970E+01  3.400E-02  9.292E+09  c  0.0
  684 -5.305E+08  9.053E+11  9.639E-01 -2.069E+39  5.388E+08  5.749E+18  7.970E+01  3.400E-02  9.292E+09  c  0.0
  685 -5.326E+08  9.053E+11  9.640E-01 -2.075E+39  5.388E+08  5.749E+18  7.970E+01  3.400E-02  9.292E+09  c  0.0
  686 -5.348E+08  9.053E+11  9.641E-01 -2.081E+39  5.388E+08  5.749E+18  7.970E+01  3.400E-02  9.292E+09  c  0.0
  687 -5.369E+08  9.053E+11  9.643E-01 -2.086E+39  5.388E+08  5.749E+18  7.970E+01  3.400E-02  9.292E+09  c  0.0
  688 -5.390E+08  9.053E+11  9.644E-01 -2.092E+39  5.388E+08  5.749E+18  7.970E+01  3.400E-02  9.292E+09  c  0.0
  689 -5.411E+08  9.053E+11  9.645E-01 -2.098E+39  5.388E+08  5.749E+18  7.970E+01  3.400E-02  9.293E+09  c  0.0
  690 -5.432E+08  9.053E+11  9.646E-01 -2.104E+39  5.388E+08  5.749E+18  7.970E+01  3.400E-02  9.293E+09  c  0.0
  691 -5.454E+08  9.053E+11  9.648E-01 -2.110E+39  5.388E+08  5.749E+18  7.970E+01  3.400E-02  9.293E+09  c  0.0
  692 -5.475E+08  9.053E+11  9.649E-01 -2.116E+39  5.388E+08  5.749E+18  7.970E+01  3.400E-02  9.293E+09  c  0.0
  693 -5.496E+08  9.053E+11  9.650E-01 -2.122E+39  5.388E+08  5.749E+18  7.970E+01  3.400E-02  9.293E+09  c  0.0
  694 -5.517E+08  9.053E+11  9.651E-01 -2.128E+39  5.388E+08  5.749E+18  7.970E+01  3.400E-02  9.293E+09  c  0.0
  695 -5.539E+08  9.053E+11  9.653E-01 -2.134E+39  5.388E+08  5.749E+18  7.970E+01  3.400E-02  9.294E+09  c  0.0
  696 -5.560E+08  9.053E+11  9.654E-01 -2.140E+39  5.388E+08  5.749E+18  7.970E+01  3.400E-02  9.294E+09  c  0.0
  697 -5.581E+08  9.054E+11  9.655E-01 -2.146E+39  5.388E+08  5.749E+18  7.969E+01  3.400E-02  9.294E+09  c  0.0
  698 -5.602E+08  9.054E+11  9.656E-01 -2.152E+39  5.388E+08  5.749E+18  7.969E+01  3.400E-02  9.294E+09  c  0.0
  699 -5.623E+08  9.054E+11  9.658E-01 -2.158E+39  5.388E+08  5.749E+18  7.969E+01  3.400E-02  9.294E+09  c  0.0
  700 -5.645E+08  9.054E+11  9.659E-01 -2.165E+39  5.388E+08  5.749E+18  7.969E+01  3.400E-02  9.294E+09  c  0.0
  701 -5.666E+08  9.054E+11  9.660E-01 -2.171E+39  5.388E+08  5.749E+18  7.969E+01  3.400E-02  9.294E+09  c  0.0
  702 -5.687E+08  9.054E+11  9.662E-01 -2.178E+39  5.388E+08  5.749E+18  7.969E+01  3.400E-02  9.295E+09  c  0.0
  703 -5.708E+08  9.054E+11  9.663E-01 -2.184E+39  5.388E+08  5.749E+18  7.969E+01  3.400E-02  9.295E+09  c  0.0
  704 -5.730E+08  9.054E+11  9.664E-01 -2.191E+39  5.388E+08  5.749E+18  7.969E+01  3.400E-02  9.295E+09  c  0.0
  705 -5.751E+08  9.054E+11  9.666E-01 -2.197E+39  5.388E+08  5.749E+18  7.969E+01  3.400E-02  9.295E+09  c  0.0
  706 -5.772E+08  9.054E+11  9.667E-01 -2.204E+39  5.388E+08  5.749E+18  7.969E+01  3.400E-02  9.295E+09  c  0.0
  707 -5.793E+08  9.054E+11  9.669E-01 -2.210E+39  5.388E+08  5.749E+18  7.969E+01  3.400E-02  9.295E+09  c  0.0
  708 -5.814E+08  9.054E+11  9.670E-01 -2.217E+39  5.388E+08  5.749E+18  7.969E+01  3.400E-02  9.295E+09  c  0.0
  709 -5.836E+08  9.054E+11  9.671E-01 -2.224E+39  5.388E+08  5.749E+18  7.969E+01  3.400E-02  9.296E+09  c  0.0
  710 -5.857E+08  9.054E+11  9.673E-01 -2.231E+39  5.388E+08  5.749E+18  7.969E+01  3.400E-02  9.296E+09  c  0.0
  711 -5.878E+08  9.054E+11  9.674E-01 -2.237E+39  5.388E+08  5.749E+18  7.969E+01  3.400E-02  9.296E+09  c  0.0
  712 -5.899E+08  9.054E+11  9.676E-01 -2.244E+39  5.388E+08  5.749E+18  7.969E+01  3.400E-02  9.296E+09  c  0.0
  713 -5.921E+08  9.054E+11  9.677E-01 -2.251E+39  5.388E+08  5.749E+18  7.969E+01  3.400E-02  9.296E+09  c  0.0
  714 -5.942E+08  9.055E+11  9.679E-01 -2.258E+39  5.388E+08  5.749E+18  7.969E+01  3.400E-02  9.296E+09  c  0.0
  715 -5.963E+08  9.055E+11  9.680E-01 -2.265E+39  5.388E+08  5.749E+18  7.969E+01  3.400E-02  9.296E+09  c  0.0
  716 -5.984E+08  9.055E+11  9.682E-01 -2.272E+39  5.388E+08  5.749E+18  7.969E+01  3.400E-02  9.296E+09  c  0.0
  717 -6.005E+08  9.055E+11  9.683E-01 -2.280E+39  5.388E+08  5.749E+18  7.969E+01  3.400E-02  9.296E+09  c  0.0
  718 -6.027E+08  9.055E+11  9.685E-01 -2.287E+39  5.388E+08  5.749E+18  7.969E+01  3.400E-02  9.297E+09  c  0.0
  719 -6.048E+08  9.055E+11  9.686E-01 -2.294E+39  5.388E+08  5.749E+18  7.969E+01  3.400E-02  9.297E+09  c  0.0
  720 -6.069E+08  9.055E+11  9.688E-01 -2.301E+39  5.388E+08  5.749E+18  7.969E+01  3.400E-02  9.297E+09  c  0.0
  721 -6.090E+08  9.055E+11  9.689E-01 -2.309E+39  5.388E+08  5.749E+18  7.969E+01  3.400E-02  9.297E+09  c  0.0
  722 -6.112E+08  9.055E+11  9.691E-01 -2.316E+39  5.388E+08  5.749E+18  7.969E+01  3.400E-02  9.297E+09  c  0.0
  723 -6.133E+08  9.055E+11  9.692E-01 -2.324E+39  5.388E+08  5.749E+18  7.969E+01  3.400E-02  9.297E+09  c  0.0
  724 -6.154E+08  9.055E+11  9.694E-01 -2.331E+39  5.388E+08  5.749E+18  7.969E+01  3.400E-02  9.297E+09  c  0.0
  725 -6.175E+08  9.055E+11  9.696E-01 -2.339E+39  5.388E+08  5.749E+18  7.969E+01  3.400E-02  9.297E+09  c  0.0
  726 -6.196E+08  9.055E+11  9.697E-01 -2.346E+39  5.389E+08  5.749E+18  7.969E+01  3.400E-02  9.297E+09  c  0.0
  727 -6.218E+08  9.055E+11  9.699E-01 -2.354E+39  5.389E+08  5.749E+18  7.969E+01  3.400E-02  9.298E+09  c  0.0
  728 -6.239E+08  9.055E+11  9.700E-01 -2.362E+39  5.389E+08  5.749E+18  7.969E+01  3.400E-02  9.298E+09  c  0.0
  729 -6.260E+08  9.055E+11  9.702E-01 -2.369E+39  5.389E+08  5.749E+18  7.969E+01  3.400E-02  9.298E+09  c  0.0
  730 -6.281E+08  9.055E+11  9.704E-01 -2.377E+39  5.389E+08  5.749E+18  7.969E+01  3.400E-02  9.298E+09  c  0.0
  731 -6.303E+08  9.055E+11  9.705E-01 -2.385E+39  5.389E+08  5.749E+18  7.968E+01  3.400E-02  9.298E+09  c  0.0
  732 -6.324E+08  9.056E+11  9.707E-01 -2.393E+39  5.389E+08  5.749E+18  7.968E+01  3.400E-02  9.298E+09  c  0.0
  733 -6.345E+08  9.056E+11  9.709E-01 -2.401E+39  5.389E+08  5.749E+18  7.968E+01  3.400E-02  9.298E+09  c  0.0
  734 -6.366E+08  9.056E+11  9.710E-01 -2.409E+39  5.389E+08  5.749E+18  7.968E+01  3.400E-02  9.298E+09  c  0.0
  735 -6.387E+08  9.056E+11  9.712E-01 -2.417E+39  5.389E+08  5.749E+18  7.968E+01  3.400E-02  9.298E+09  c  0.0
  736 -6.409E+08  9.056E+11  9.714E-01 -2.425E+39  5.389E+08  5.749E+18  7.968E+01  3.400E-02  9.298E+09  c  0.0
  737 -6.430E+08  9.056E+11  9.715E-01 -2.433E+39  5.389E+08  5.749E+18  7.968E+01  3.400E-02  9.299E+09  c  0.0
  738 -6.451E+08  9.056E+11  9.717E-01 -2.442E+39  5.389E+08  5.749E+18  7.968E+01  3.400E-02  9.299E+09  c  0.0
  739 -6.472E+08  9.056E+11  9.719E-01 -2.450E+39  5.389E+08  5.749E+18  7.968E+01  3.400E-02  9.299E+09  c  0.0
  740 -6.493E+08  9.056E+11  9.721E-01 -2.458E+39  5.389E+08  5.749E+18  7.968E+01  3.400E-02  9.299E+09  c  0.0
  741 -6.515E+08  9.056E+11  9.722E-01 -2.467E+39  5.389E+08  5.749E+18  7.968E+01  3.400E-02  9.299E+09  c  0.0
  742 -6.536E+08  9.056E+11  9.724E-01 -2.475E+39  5.389E+08  5.749E+18  7.968E+01  3.400E-02  9.299E+09  c  0.0
  743 -6.557E+08  9.056E+11  9.726E-01 -2.484E+39  5.389E+08  5.749E+18  7.968E+01  3.400E-02  9.299E+09  c  0.0
  744 -6.578E+08  9.056E+11  9.728E-01 -2.492E+39  5.389E+08  5.749E+18  7.968E+01  3.400E-02  9.299E+09  c  0.0
  745 -6.600E+08  9.056E+11  9.730E-01 -2.501E+39  5.389E+08  5.749E+18  7.968E+01  3.400E-02  9.299E+09  c  0.0
  746 -6.621E+08  9.056E+11  9.731E-01 -2.510E+39  5.389E+08  5.749E+18  7.968E+01  3.400E-02  9.299E+09  c  0.0
  747 -6.642E+08  9.056E+11  9.733E-01 -2.518E+39  5.389E+08  5.749E+18  7.968E+01  3.400E-02  9.299E+09  c  0.0
  748 -6.663E+08  9.056E+11  9.735E-01 -2.527E+39  5.389E+08  5.749E+18  7.968E+01  3.400E-02  9.300E+09  c  0.0
  749 -6.684E+08  9.057E+11  9.737E-01 -2.536E+39  5.389E+08  5.749E+18  7.968E+01  3.400E-02  9.300E+09  c  0.0
  750 -6.706E+08  9.057E+11  9.739E-01 -2.545E+39  5.389E+08  5.749E+18  7.968E+01  3.400E-02  9.300E+09  c  0.0
  751 -6.727E+08  9.057E+11  9.741E-01 -2.554E+39  5.389E+08  5.749E+18  7.968E+01  3.400E-02  9.300E+09  c  0.0
  752 -6.748E+08  9.057E+11  9.743E-01 -2.563E+39  5.389E+08  5.749E+18  7.968E+01  3.400E-02  9.300E+09  c  0.0
  753 -6.769E+08  9.057E+11  9.744E-01 -2.572E+39  5.389E+08  5.749E+18  7.968E+01  3.400E-02  9.300E+09  c  0.0
  754 -6.791E+08  9.057E+11  9.746E-01 -2.581E+39  5.389E+08  5.749E+18  7.968E+01  3.400E-02  9.300E+09  c  0.0
  755 -6.812E+08  9.057E+11  9.748E-01 -2.590E+39  5.389E+08  5.749E+18  7.968E+01  3.400E-02  9.300E+09  c  0.0
  756 -6.833E+08  9.057E+11  9.750E-01 -2.600E+39  5.389E+08  5.749E+18  7.968E+01  3.400E-02  9.300E+09  c  0.0
  757 -6.854E+08  9.057E+11  9.752E-01 -2.609E+39  5.389E+08  5.749E+18  7.968E+01  3.400E-02  9.300E+09  c  0.0
  758 -6.875E+08  9.057E+11  9.754E-01 -2.618E+39  5.389E+08  5.749E+18  7.968E+01  3.400E-02  9.300E+09  c  0.0
  759 -6.897E+08  9.057E+11  9.756E-01 -2.628E+39  5.389E+08  5.749E+18  7.968E+01  3.400E-02  9.300E+09  c  0.0
  760 -6.918E+08  9.057E+11  9.758E-01 -2.637E+39  5.389E+08  5.749E+18  7.968E+01  3.400E-02  9.300E+09  c  0.0
  761 -6.939E+08  9.057E+11  9.760E-01 -2.647E+39  5.389E+08  5.749E+18  7.968E+01  3.400E-02  9.300E+09  c  0.0
  762 -6.960E+08  9.057E+11  9.762E-01 -2.656E+39  5.389E+08  5.749E+18  7.968E+01  3.400E-02  9.301E+09  c  0.0
  763 -6.982E+08  9.057E+11  9.764E-01 -2.666E+39  5.389E+08  5.749E+18  7.968E+01  3.400E-02  9.301E+09  c  0.0
  764 -7.003E+08  9.057E+11  9.766E-01 -2.676E+39  5.389E+08  5.749E+18  7.968E+01  3.400E-02  9.301E+09  c  0.0
  765 -7.024E+08  9.057E+11  9.768E-01 -2.686E+39  5.389E+08  5.749E+18  7.968E+01  3.400E-02  9.301E+09  c  0.0
  766 -7.045E+08  9.057E+11  9.770E-01 -2.695E+39  5.389E+08  5.749E+18  7.968E+01  3.400E-02  9.301E+09  c  0.0
  767 -7.066E+08  9.058E+11  9.772E-01 -2.705E+39  5.389E+08  5.749E+18  7.968E+01  3.400E-02  9.301E+09  c  0.0
  768 -7.088E+08  9.058E+11  9.774E-01 -2.715E+39  5.389E+08  5.749E+18  7.968E+01  3.400E-02  9.301E+09  c  0.0
  769 -7.109E+08  9.058E+11  9.777E-01 -2.725E+39  5.389E+08  5.749E+18  7.968E+01  3.400E-02  9.301E+09  c  0.0
  770 -7.130E+08  9.058E+11  9.779E-01 -2.735E+39  5.389E+08  5.749E+18  7.968E+01  3.400E-02  9.301E+09  c  0.0
  771 -7.151E+08  9.058E+11  9.781E-01 -2.746E+39  5.389E+08  5.749E+18  7.968E+01  3.400E-02  9.301E+09  c  0.0
  772 -7.173E+08  9.058E+11  9.783E-01 -2.756E+39  5.389E+08  5.749E+18  7.968E+01  3.400E-02  9.301E+09  c  0.0
  773 -7.194E+08  9.058E+11  9.785E-01 -2.766E+39  5.389E+08  5.749E+18  7.968E+01  3.400E-02  9.301E+09  c  0.0
  774 -7.215E+08  9.058E+11  9.787E-01 -2.776E+39  5.389E+08  5.749E+18  7.968E+01  3.400E-02  9.301E+09  c  0.0
  775 -7.236E+08  9.058E+11  9.789E-01 -2.787E+39  5.389E+08  5.749E+18  7.968E+01  3.400E-02  9.301E+09  c  0.0
  776 -7.257E+08  9.058E+11  9.792E-01 -2.797E+39  5.389E+08  5.749E+18  7.968E+01  3.400E-02  9.301E+09  c  0.0
  777 -7.279E+08  9.058E+11  9.794E-01 -2.808E+39  5.389E+08  5.749E+18  7.968E+01  3.400E-02  9.301E+09  c  0.0
  778 -7.300E+08  9.058E+11  9.796E-01 -2.818E+39  5.389E+08  5.749E+18  7.968E+01  3.400E-02  9.301E+09  c  0.0
  779 -7.321E+08  9.058E+11  9.798E-01 -2.829E+39  5.389E+08  5.749E+18  7.968E+01  3.400E-02  9.302E+09  c  0.0
  780 -7.342E+08  9.058E+11  9.800E-01 -2.839E+39  5.389E+08  5.749E+18  7.968E+01  3.400E-02  9.302E+09  c  0.0
  781 -7.364E+08  9.058E+11  9.803E-01 -2.850E+39  5.389E+08  5.749E+18  7.968E+01  3.400E-02  9.302E+09  c  0.0
  782 -7.385E+08  9.058E+11  9.805E-01 -2.861E+39  5.389E+08  5.749E+18  7.968E+01  3.400E-02  9.302E+09  c  0.0
  783 -7.406E+08  9.058E+11  9.807E-01 -2.872E+39  5.389E+08  5.749E+18  7.968E+01  3.400E-02  9.302E+09  c  0.0
  784 -7.427E+08  9.059E+11  9.810E-01 -2.883E+39  5.389E+08  5.749E+18  7.968E+01  3.400E-02  9.302E+09  c  0.0
  785 -7.448E+08  9.059E+11  9.812E-01 -2.894E+39  5.389E+08  5.749E+18  7.968E+01  3.400E-02  9.302E+09  c  0.0
  786 -7.470E+08  9.059E+11  9.814E-01 -2.905E+39  5.389E+08  5.749E+18  7.968E+01  3.400E-02  9.302E+09  c  0.0
  787 -7.491E+08  9.059E+11  9.816E-01 -2.916E+39  5.389E+08  5.749E+18  7.968E+01  3.400E-02  9.302E+09  c  0.0
  788 -7.512E+08  9.059E+11  9.819E-01 -2.927E+39  5.389E+08  5.749E+18  7.968E+01  3.400E-02  9.302E+09  c  0.0
  789 -7.533E+08  9.059E+11  9.821E-01 -2.938E+39  5.389E+08  5.749E+18  7.968E+01  3.400E-02  9.302E+09  c  0.0
  790 -7.555E+08  9.059E+11  9.824E-01 -2.950E+39  5.389E+08  5.749E+18  7.968E+01  3.400E-02  9.302E+09  c  0.0
  791 -7.576E+08  9.059E+11  9.826E-01 -2.961E+39  5.389E+08  5.749E+18  7.968E+01  3.400E-02  9.302E+09  c  0.0
  792 -7.597E+08  9.059E+11  9.828E-01 -2.973E+39  5.389E+08  5.749E+18  7.968E+01  3.400E-02  9.302E+09  c  0.0
  793 -7.618E+08  9.059E+11  9.831E-01 -2.984E+39  5.389E+08  5.749E+18  7.967E+01  3.400E-02  9.302E+09  c  0.0
  794 -7.639E+08  9.059E+11  9.833E-01 -2.996E+39  5.389E+08  5.749E+18  7.967E+01  3.400E-02  9.302E+09  c  0.0
  795 -7.661E+08  9.059E+11  9.836E-01 -3.007E+39  5.389E+08  5.749E+18  7.967E+01  3.400E-02  9.302E+09  c  0.0
  796 -7.682E+08  9.059E+11  9.838E-01 -3.019E+39  5.389E+08  5.749E+18  7.967E+01  3.400E-02  9.302E+09  c  0.0
  797 -7.703E+08  9.059E+11  9.841E-01 -3.031E+39  5.389E+08  5.749E+18  7.967E+01  3.400E-02  9.302E+09  c  0.0
  798 -7.724E+08  9.059E+11  9.843E-01 -3.043E+39  5.389E+08  5.749E+18  7.967E+01  3.400E-02  9.302E+09  c  0.0
  799 -7.746E+08  9.059E+11  9.845E-01 -3.054E+39  5.389E+08  5.749E+18  7.967E+01  3.400E-02  9.302E+09  c  0.0
  800 -7.767E+08  9.059E+11  9.848E-01 -3.066E+39  5.389E+08  5.749E+18  7.967E+01  3.400E-02  9.302E+09  c  0.0
  801 -7.788E+08  9.060E+11  9.851E-01 -3.078E+39  5.389E+08  5.749E+18  7.967E+01  3.400E-02  9.302E+09  c  0.0
  802 -7.809E+08  9.060E+11  9.853E-01 -3.090E+39  5.389E+08  5.749E+18  7.967E+01  3.400E-02  9.302E+09  c  0.0
  803 -7.830E+08  9.060E+11  9.856E-01 -3.103E+39  5.389E+08  5.749E+18  7.967E+01  3.400E-02  9.303E+09  c  0.0
  804 -7.852E+08  9.060E+11  9.858E-01 -3.115E+39  5.389E+08  5.749E+18  7.967E+01  3.400E-02  9.303E+09  c  0.0
  805 -7.873E+08  9.060E+11  9.861E-01 -3.127E+39  5.389E+08  5.749E+18  7.967E+01  3.400E-02  9.303E+09  c  0.0
  806 -7.894E+08  9.060E+11  9.863E-01 -3.139E+39  5.389E+08  5.749E+18  7.967E+01  3.400E-02  9.303E+09  c  0.0
  807 -7.915E+08  9.060E+11  9.866E-01 -3.152E+39  5.389E+08  5.749E+18  7.967E+01  3.400E-02  9.303E+09  c  0.0
  808 -7.936E+08  9.060E+11  9.869E-01 -3.164E+39  5.389E+08  5.749E+18  7.967E+01  3.400E-02  9.303E+09  c  0.0
  809 -7.958E+08  9.060E+11  9.871E-01 -3.177E+39  5.389E+08  5.749E+18  7.967E+01  3.400E-02  9.303E+09  c  0.0
  810 -7.979E+08  9.060E+11  9.874E-01 -3.190E+39  5.389E+08  5.749E+18  7.967E+01  3.400E-02  9.303E+09  c  0.0
  811 -8.000E+08  9.060E+11  9.876E-01 -3.202E+39  5.389E+08  5.749E+18  7.967E+01  3.400E-02  9.303E+09  c  0.0
  812 -8.021E+08  9.060E+11  9.879E-01 -3.215E+39  5.389E+08  5.749E+18  7.967E+01  3.400E-02  9.303E+09  c  0.0
  813 -8.043E+08  9.060E+11  9.882E-01 -3.228E+39  5.389E+08  5.749E+18  7.967E+01  3.400E-02  9.303E+09  c  0.0
  814 -8.064E+08  9.060E+11  9.885E-01 -3.241E+39  5.389E+08  5.749E+18  7.967E+01  3.400E-02  9.303E+09  c  0.0
  815 -8.085E+08  9.060E+11  9.887E-01 -3.254E+39  5.389E+08  5.749E+18  7.967E+01  3.400E-02  9.303E+09  c  0.0
  816 -8.106E+08  9.060E+11  9.890E-01 -3.267E+39  5.389E+08  5.749E+18  7.967E+01  3.400E-02  9.303E+09  c  0.0
  817 -8.127E+08  9.060E+11  9.893E-01 -3.280E+39  5.389E+08  5.749E+18  7.967E+01  3.400E-02  9.303E+09  c  0.0
  818 -8.149E+08  9.060E+11  9.895E-01 -3.293E+39  5.389E+08  5.749E+18  7.967E+01  3.400E-02  9.303E+09  c  0.0
  819 -8.170E+08  9.061E+11  9.898E-01 -3.306E+39  5.389E+08  5.749E+18  7.967E+01  3.400E-02  9.303E+09  c  0.0
  820 -8.191E+08  9.061E+11  9.901E-01 -3.319E+39  5.389E+08  5.749E+18  7.967E+01  3.400E-02  9.303E+09  c  0.0
  821  0.000E+00  2.045E+09  9.901E-01 -3.319E+39 -5.389E+08  5.749E+18 -2.207E+01 -9.990E+01 -6.534E+10  *-99.9
