,,,,0,,6.272E+08,,0.000E+00,,0.000E+00,,7.678E+24,,0.000E+00,,0.000E+00,,0.000E+00,,0.000E+00,,0.000E+00,,r,99.9
,,,,1,,6.266E+08,,5.497E-01,,4.075E-14,,7.678E+24,,1.861E+03,,3.300E-01,,1.312E-08,,1.336E+02,,4.766-127,,r,,1.0
,,,,2,,6.266E+08,,1.298E+00,,1.285E-13,,7.678E+24,,5.032E+03,,3.330E+00,,5.142E-08,,1.231E+01,,4.512E-93,,c,,1.8
,,,,3,,6.259E+08,,1.590E+00,,3.375E-13,,7.678E+24,,8.209E+03,,1.050E+01,,8.746E-08,,3.420E+00,,4.345E-80,,c,,2.2
,,,,4,,6.253E+08,,1.731E+00,,6.467E-13,,7.678E+24,,1.139E+04,,2.114E+01,,1.122E-07,,1.347E+00,,1.520E-72,,c,,2.1
,,,,5,,6.247E+08,,1.800E+00,,9.999E-13,,7.678E+24,,1.458E+04,,3.335E+01,,1.131E-07,,5.908E-01,,1.849E-67,,c,,1.8
,,,,6,,6.241E+08,,1.827E+00,,1.306E-12,,7.678E+24,,1.778E+04,,4.395E+01,,7.892E-08,,2.426E-01,,7.841E-64,,c,,1.4
,,,,7,,6.234E+08,,1.846E+00,,1.528E-12,,7.678E+24,,2.098E+04,,5.170E+01,,1.726E-07,,2.527E-01,,1.613E-60,,c,,0.6
,,,,8,,6.228E+08,,1.865E+00,,2.080E-12,,7.678E+24,,2.258E+04,,7.101E+01,,8.916E-08,,1.628E-01,,8.331E-61,,r,99.9
,,,,9,,6.222E+08,,1.870E+00,,2.198E-12,,7.678E+24,,2.258E+04,,7.515E+01,,2.634E-08,,7.151E-02,,4.580E-60,,r,99.9
,,,10,,6.215E+08,,1.872E+00,,2.310E-12,,7.678E+24,,2.258E+04,,7.910E+01,,4.508E-08,,9.167E-02,,7.838E-60,,r,99.9
,,,11,,6.209E+08,,1.875E+00,,2.473E-12,,7.678E+24,,2.258E+04,,8.490E+01,,6.390E-08,,1.103E-01,,1.111E-59,,r,99.9
,,,12,,6.203E+08,,1.881E+00,,2.707E-12,,7.678E+24,,2.258E+04,,9.321E+01,,9.146E-08,,1.356E-01,,1.590E-59,,r,99.9
,,,13,,6.197E+08,,1.892E+00,,3.041E-12,,7.678E+24,,2.258E+04,,1.051E+02,,1.309E-07,,1.694E-01,,2.277E-59,,r,99.9
,,,14,,6.190E+08,,1.912E+00,,3.518E-12,,7.678E+24,,2.258E+04,,1.222E+02,,1.876E-07,,2.146E-01,,3.263E-59,,r,99.9
,,,15,,6.184E+08,,1.947E+00,,4.201E-12,,7.678E+24,,2.258E+04,,1.468E+02,,2.690E-07,,2.751E-01,,4.678E-59,,r,99.9
,,,16,,6.178E+08,,2.014E+00,,5.178E-12,,7.678E+24,,2.258E+04,,1.821E+02,,3.860E-07,,3.559E-01,,6.713E-59,,r,99.9
,,,17,,6.172E+08,,2.138E+00,,6.577E-12,,7.678E+24,,2.258E+04,,2.329E+02,,5.544E-07,,4.641E-01,,9.641E-59,,r,99.9
,,,18,,6.165E+08,,2.370E+00,,8.584E-12,,7.678E+24,,2.258E+04,,3.060E+02,,7.966E-07,,6.091E-01,,1.386E-58,,r,99.9
,,,19,,6.159E+08,,2.811E+00,,1.146E-11,,7.678E+24,,2.259E+04,,4.113E+02,,1.146E-06,,8.033E-01,,1.993E-58,,r,99.9
,,,20,,6.153E+08,,3.650E+00,,1.560E-11,,7.678E+24,,2.259E+04,,5.631E+02,,1.649E-06,,1.064E+00,,2.871E-58,,r,99.9
,,,21,,6.146E+08,,5.252E+00,,2.153E-11,,7.678E+24,,2.259E+04,,7.821E+02,,2.374E-06,,1.413E+00,,4.139E-58,,r,99.9
,,,22,,6.140E+08,,8.323E+00,,3.007E-11,,7.678E+24,,2.259E+04,,1.098E+03,,3.422E-06,,1.882E+00,,5.980E-58,,r,99.9
,,,23,,6.134E+08,,1.423E+01,,4.236E-11,,7.678E+24,,2.259E+04,,1.555E+03,,4.935E-06,,2.511E+00,,8.663E-58,,r,99.9
,,,24,,6.128E+08,,2.560E+01,,6.004E-11,,7.678E+24,,2.260E+04,,2.215E+03,,7.120E-06,,3.354E+00,,1.261E-57,,r,99.9
,,,25,,6.121E+08,,4.755E+01,,8.551E-11,,7.678E+24,,2.261E+04,,3.170E+03,,1.028E-05,,4.484E+00,,1.852E-57,,r,99.9
,,,26,,6.115E+08,,8.987E+01,,1.222E-10,,7.678E+24,,2.262E+04,,4.551E+03,,1.484E-05,,5.989E+00,,2.764E-57,,r,99.9
,,,27,,6.109E+08,,1.713E+02,,1.751E-10,,7.678E+24,,2.266E+04,,6.549E+03,,2.141E-05,,7.979E+00,,4.250E-57,,r,99.9
,,,28,,6.103E+08,,3.271E+02,,2.511E-10,,7.678E+24,,2.273E+04,,9.436E+03,,3.085E-05,,1.057E+01,,6.907E-57,,r,99.9
,,,29,,6.096E+08,,6.215E+02,,3.603E-10,,7.678E+24,,2.286E+04,,1.360E+04,,4.429E-05,,1.383E+01,,1.241E-56,,r,63.0
,,,30,,6.090E+08,,1.165E+03,,5.162E-10,,7.678E+24,,2.310E+04,,1.956E+04,,6.315E-05,,1.772E+01,,2.649E-56,,r,34.9
,,,31,,6.084E+08,,2.129E+03,,7.368E-10,,7.678E+24,,2.350E+04,,2.804E+04,,8.903E-05,,2.195E+01,,7.362E-56,,r,20.4
,,,32,,6.078E+08,,3.745E+03,,1.045E-09,,7.678E+24,,2.415E+04,,3.992E+04,,1.234E-04,,2.594E+01,,2.897E-55,,r,12.9
,,,33,,6.071E+08,,6.276E+03,,1.466E-09,,7.678E+24,,2.507E+04,,5.624E+04,,1.675E-04,,2.906E+01,,1.645E-54,,r,,9.0
,,,34,,6.065E+08,,9.962E+03,,2.030E-09,,7.678E+24,,2.626E+04,,7.819E+04,,2.223E-04,,3.099E+01,,1.254E-53,,r,,7.0
,,,35,,6.059E+08,,1.500E+04,,2.769E-09,,7.678E+24,,2.767E+04,,1.071E+05,,2.888E-04,,3.182E+01,,1.129E-52,,r,,5.9
,,,36,,6.052E+08,,2.157E+04,,3.718E-09,,7.678E+24,,2.924E+04,,1.443E+05,,3.683E-04,,3.188E+01,,1.065E-51,,r,,5.3
,,,37,,6.046E+08,,2.981E+04,,4.915E-09,,7.678E+24,,3.092E+04,,1.914E+05,,4.621E-04,,3.149E+01,,9.670E-51,,r,,5.0
,,,38,,6.040E+08,,3.991E+04,,6.404E-09,,7.678E+24,,3.266E+04,,2.503E+05,,5.720E-04,,3.086E+01,,8.091E-50,,r,,4.8
,,,39,,6.034E+08,,5.206E+04,,8.231E-09,,7.678E+24,,3.444E+04,,3.229E+05,,6.997E-04,,3.013E+01,,6.116E-49,,r,,4.7
,,,40,,6.027E+08,,6.646E+04,,1.045E-08,,7.678E+24,,3.625E+04,,4.114E+05,,8.467E-04,,2.935E+01,,4.155E-48,,r,,4.7
,,,41,,6.021E+08,,8.336E+04,,1.311E-08,,7.678E+24,,3.809E+04,,5.181E+05,,1.015E-03,,2.859E+01,,2.543E-47,,r,,4.6
,,,42,,6.015E+08,,1.030E+05,,1.629E-08,,7.678E+24,,3.993E+04,,6.458E+05,,1.207E-03,,2.784E+01,,1.410E-46,,r,,4.6
,,,43,,6.009E+08,,1.256E+05,,2.004E-08,,7.678E+24,,4.179E+04,,7.974E+05,,1.424E-03,,2.713E+01,,7.130E-46,,r,,4.6
,,,44,,6.002E+08,,1.516E+05,,2.444E-08,,7.678E+24,,4.366E+04,,9.759E+05,,1.668E-03,,2.645E+01,,3.311E-45,,r,,4.6
,,,45,,5.996E+08,,1.811E+05,,2.957E-08,,7.678E+24,,4.553E+04,,1.185E+06,,1.942E-03,,2.581E+01,,1.422E-44,,r,,4.6
,,,46,,5.990E+08,,2.146E+05,,3.551E-08,,7.678E+24,,4.741E+04,,1.428E+06,,2.247E-03,,2.520E+01,,5.683E-44,,r,,4.6
,,,47,,5.983E+08,,2.524E+05,,4.235E-08,,7.678E+24,,4.929E+04,,1.709E+06,,2.587E-03,,2.462E+01,,2.126E-43,,r,,4.6
,,,48,,5.977E+08,,2.947E+05,,5.019E-08,,7.678E+24,,5.118E+04,,2.032E+06,,2.963E-03,,2.408E+01,,7.481E-43,,r,,4.6
,,,49,,5.971E+08,,3.420E+05,,5.913E-08,,7.678E+24,,5.308E+04,,2.402E+06,,3.377E-03,,2.357E+01,,2.489E-42,,r,,4.6
,,,50,,5.965E+08,,3.947E+05,,6.927E-08,,7.678E+24,,5.498E+04,,2.824E+06,,3.833E-03,,2.308E+01,,7.862E-42,,r,,4.6
,,,51,,5.958E+08,,4.532E+05,,8.074E-08,,7.678E+24,,5.688E+04,,3.303E+06,,4.333E-03,,2.262E+01,,2.367E-41,,r,,4.6
,,,52,,5.952E+08,,5.179E+05,,9.364E-08,,7.678E+24,,5.879E+04,,3.844E+06,,4.880E-03,,2.217E+01,,6.814E-41,,r,,4.6
,,,53,,5.946E+08,,5.892E+05,,1.081E-07,,7.678E+24,,6.070E+04,,4.454E+06,,5.476E-03,,2.176E+01,,1.882E-40,,r,,4.6
,,,54,,5.940E+08,,6.676E+05,,1.243E-07,,7.678E+24,,6.261E+04,,5.138E+06,,6.125E-03,,2.136E+01,,5.001E-40,,r,,4.6
,,,55,,5.933E+08,,7.535E+05,,1.423E-07,,7.678E+24,,6.453E+04,,5.904E+06,,6.828E-03,,2.097E+01,,1.282E-39,,r,,4.6
,,,56,,5.927E+08,,8.475E+05,,1.624E-07,,7.678E+24,,6.646E+04,,6.759E+06,,7.590E-03,,2.061E+01,,3.176E-39,,r,,4.6
,,,57,,5.921E+08,,9.500E+05,,1.846E-07,,7.678E+24,,6.839E+04,,7.709E+06,,8.414E-03,,2.026E+01,,7.625E-39,,r,,4.6
,,,58,,5.914E+08,,1.062E+06,,2.091E-07,,7.678E+24,,7.032E+04,,8.764E+06,,9.302E-03,,1.993E+01,,1.777E-38,,r,,4.6
,,,59,,5.908E+08,,1.183E+06,,2.361E-07,,7.678E+24,,7.226E+04,,9.930E+06,,1.026E-02,,1.961E+01,,4.027E-38,,r,,4.6
,,,60,,5.902E+08,,1.314E+06,,2.658E-07,,7.678E+24,,7.420E+04,,1.122E+07,,1.128E-02,,1.930E+01,,8.888E-38,,r,,4.6
,,,61,,5.896E+08,,1.456E+06,,2.983E-07,,7.678E+24,,7.615E+04,,1.264E+07,,1.239E-02,,1.900E+01,,1.914E-37,,r,,4.6
,,,62,,5.889E+08,,1.610E+06,,3.339E-07,,7.678E+24,,7.810E+04,,1.419E+07,,1.357E-02,,1.872E+01,,4.025E-37,,r,,4.6
,,,63,,5.883E+08,,1.775E+06,,3.728E-07,,7.678E+24,,8.005E+04,,1.590E+07,,1.483E-02,,1.845E+01,,8.279E-37,,r,,4.6
,,,64,,5.877E+08,,1.953E+06,,4.152E-07,,7.678E+24,,8.201E+04,,1.777E+07,,1.618E-02,,1.818E+01,,1.668E-36,,r,,4.6
,,,65,,5.871E+08,,2.144E+06,,4.612E-07,,7.678E+24,,8.397E+04,,1.981E+07,,1.761E-02,,1.793E+01,,3.292E-36,,r,,4.6
,,,66,,5.864E+08,,2.350E+06,,5.112E-07,,7.678E+24,,8.594E+04,,2.204E+07,,1.914E-02,,1.768E+01,,6.379E-36,,r,,4.6
,,,67,,5.858E+08,,2.569E+06,,5.654E-07,,7.678E+24,,8.791E+04,,2.446E+07,,2.077E-02,,1.745E+01,,1.214E-35,,r,,4.6
,,,68,,5.852E+08,,2.805E+06,,6.240E-07,,7.678E+24,,8.989E+04,,2.709E+07,,2.250E-02,,1.722E+01,,2.271E-35,,r,,4.6
,,,69,,5.845E+08,,3.056E+06,,6.873E-07,,7.678E+24,,9.187E+04,,2.995E+07,,2.433E-02,,1.700E+01,,4.179E-35,,r,,4.6
,,,70,,5.839E+08,,3.324E+06,,7.556E-07,,7.678E+24,,9.385E+04,,3.304E+07,,2.628E-02,,1.678E+01,,7.573E-35,,r,,4.6
,,,71,,5.833E+08,,3.609E+06,,8.291E-07,,7.678E+24,,9.584E+04,,3.638E+07,,2.833E-02,,1.658E+01,,1.352E-34,,r,,4.6
,,,72,,5.827E+08,,3.913E+06,,9.082E-07,,7.678E+24,,9.783E+04,,3.999E+07,,3.051E-02,,1.637E+01,,2.380E-34,,r,,4.6
,,,73,,5.820E+08,,4.236E+06,,9.930E-07,,7.678E+24,,9.983E+04,,4.388E+07,,3.281E-02,,1.618E+01,,4.132E-34,,r,,4.6
,,,74,,5.814E+08,,4.580E+06,,1.084E-06,,7.678E+24,,1.018E+05,,4.808E+07,,3.524E-02,,1.599E+01,,7.083E-34,,r,,4.6
,,,75,,5.808E+08,,4.944E+06,,1.182E-06,,7.678E+24,,1.038E+05,,5.259E+07,,3.780E-02,,1.581E+01,,1.199E-33,,r,,4.6
,,,76,,5.802E+08,,5.330E+06,,1.286E-06,,7.678E+24,,1.059E+05,,5.743E+07,,4.050E-02,,1.563E+01,,2.006E-33,,r,,4.6
,,,77,,5.795E+08,,5.738E+06,,1.397E-06,,7.678E+24,,1.079E+05,,6.263E+07,,4.334E-02,,1.545E+01,,3.318E-33,,r,,4.6
,,,78,,5.789E+08,,6.170E+06,,1.516E-06,,7.678E+24,,1.099E+05,,6.821E+07,,4.633E-02,,1.528E+01,,5.427E-33,,r,,4.6
,,,79,,5.783E+08,,6.627E+06,,1.643E-06,,7.678E+24,,1.119E+05,,7.417E+07,,4.948E-02,,1.512E+01,,8.785E-33,,r,,4.6
,,,80,,5.776E+08,,7.109E+06,,1.778E-06,,7.678E+24,,1.139E+05,,8.056E+07,,5.278E-02,,1.496E+01,,1.408E-32,,r,,4.6
,,,81,,5.770E+08,,7.618E+06,,1.922E-06,,7.678E+24,,1.160E+05,,8.738E+07,,5.624E-02,,1.480E+01,,2.234E-32,,r,,4.6
,,,82,,5.764E+08,,8.154E+06,,2.074E-06,,7.678E+24,,1.180E+05,,9.466E+07,,5.987E-02,,1.465E+01,,3.512E-32,,r,,4.6
,,,83,,5.758E+08,,8.719E+06,,2.236E-06,,7.678E+24,,1.201E+05,,1.024E+08,,6.368E-02,,1.451E+01,,5.471E-32,,r,,4.6
,,,84,,5.751E+08,,9.313E+06,,2.408E-06,,7.678E+24,,1.221E+05,,1.107E+08,,6.767E-02,,1.436E+01,,8.449E-32,,r,,4.6
,,,85,,5.745E+08,,9.938E+06,,2.590E-06,,7.678E+24,,1.242E+05,,1.195E+08,,7.185E-02,,1.422E+01,,1.294E-31,,r,,4.6
,,,86,,5.739E+08,,1.060E+07,,2.783E-06,,7.678E+24,,1.262E+05,,1.289E+08,,7.622E-02,,1.408E+01,,1.966E-31,,r,,4.6
,,,87,,5.733E+08,,1.129E+07,,2.988E-06,,7.678E+24,,1.283E+05,,1.388E+08,,8.079E-02,,1.395E+01,,2.963E-31,,r,,4.6
,,,88,,5.726E+08,,1.201E+07,,3.203E-06,,7.678E+24,,1.303E+05,,1.494E+08,,8.556E-02,,1.382E+01,,4.432E-31,,r,,4.6
,,,89,,5.720E+08,,1.277E+07,,3.431E-06,,7.678E+24,,1.324E+05,,1.606E+08,,9.054E-02,,1.369E+01,,6.581E-31,,r,,4.6
,,,90,,5.714E+08,,1.357E+07,,3.672E-06,,7.678E+24,,1.345E+05,,1.725E+08,,9.574E-02,,1.357E+01,,9.704E-31,,r,,4.6
,,,91,,5.707E+08,,1.440E+07,,3.926E-06,,7.678E+24,,1.366E+05,,1.851E+08,,1.012E-01,,1.344E+01,,1.421E-30,,r,,4.6
,,,92,,5.701E+08,,1.527E+07,,4.193E-06,,7.678E+24,,1.386E+05,,1.984E+08,,1.068E-01,,1.332E+01,,2.068E-30,,r,,4.6
,,,93,,5.695E+08,,1.619E+07,,4.475E-06,,7.678E+24,,1.407E+05,,2.125E+08,,1.127E-01,,1.321E+01,,2.989E-30,,r,,4.6
,,,94,,5.689E+08,,1.714E+07,,4.772E-06,,7.678E+24,,1.428E+05,,2.274E+08,,1.189E-01,,1.309E+01,,4.294E-30,,r,,4.6
,,,95,,5.682E+08,,1.814E+07,,5.084E-06,,7.678E+24,,1.449E+05,,2.432E+08,,1.253E-01,,1.298E+01,,6.132E-30,,r,,4.6
,,,96,,5.676E+08,,1.918E+07,,5.412E-06,,7.678E+24,,1.470E+05,,2.598E+08,,1.319E-01,,1.287E+01,,8.706E-30,,r,,4.6
,,,97,,5.670E+08,,2.027E+07,,5.756E-06,,7.678E+24,,1.491E+05,,2.773E+08,,1.388E-01,,1.276E+01,,1.229E-29,,r,,4.6
,,,98,,5.664E+08,,2.140E+07,,6.117E-06,,7.678E+24,,1.513E+05,,2.958E+08,,1.460E-01,,1.266E+01,,1.726E-29,,r,,4.6
,,,99,,5.657E+08,,2.259E+07,,6.497E-06,,7.678E+24,,1.534E+05,,3.153E+08,,1.535E-01,,1.256E+01,,2.410E-29,,r,,4.6
,,100,,5.651E+08,,2.382E+07,,6.895E-06,,7.678E+24,,1.555E+05,,3.359E+08,,1.612E-01,,1.246E+01,,3.348E-29,,r,,4.6
,,101,,5.645E+08,,2.511E+07,,7.311E-06,,7.678E+24,,1.576E+05,,3.575E+08,,1.693E-01,,1.236E+01,,4.628E-29,,r,,4.6
,,102,,5.638E+08,,2.645E+07,,7.748E-06,,7.678E+24,,1.597E+05,,3.802E+08,,1.777E-01,,1.226E+01,,6.367E-29,,r,,4.6
,,103,,5.632E+08,,2.784E+07,,8.205E-06,,7.678E+24,,1.619E+05,,4.041E+08,,1.864E-01,,1.216E+01,,8.717E-29,,r,,4.6
,,104,,5.626E+08,,2.929E+07,,8.683E-06,,7.678E+24,,1.640E+05,,4.292E+08,,1.954E-01,,1.207E+01,,1.188E-28,,r,,4.6
,,105,,5.620E+08,,3.080E+07,,9.183E-06,,7.678E+24,,1.662E+05,,4.556E+08,,2.047E-01,,1.198E+01,,1.612E-28,,r,,4.6
,,106,,5.613E+08,,3.237E+07,,9.705E-06,,7.678E+24,,1.683E+05,,4.833E+08,,2.144E-01,,1.189E+01,,2.177E-28,,r,,4.6
,,107,,5.607E+08,,3.400E+07,,1.025E-05,,7.678E+24,,1.705E+05,,5.124E+08,,2.244E-01,,1.180E+01,,2.928E-28,,r,,4.6
,,108,,5.601E+08,,3.569E+07,,1.082E-05,,7.678E+24,,1.726E+05,,5.429E+08,,2.348E-01,,1.171E+01,,3.922E-28,,r,,4.6
,,109,,5.595E+08,,3.745E+07,,1.142E-05,,7.678E+24,,1.748E+05,,5.749E+08,,2.455E-01,,1.163E+01,,5.233E-28,,r,,4.6
,,110,,5.588E+08,,3.927E+07,,1.204E-05,,7.678E+24,,1.770E+05,,6.084E+08,,2.566E-01,,1.155E+01,,6.954E-28,,r,,4.6
,,111,,5.582E+08,,4.117E+07,,1.268E-05,,7.678E+24,,1.792E+05,,6.434E+08,,2.681E-01,,1.146E+01,,9.205E-28,,r,,4.6
,,112,,5.576E+08,,4.313E+07,,1.336E-05,,7.678E+24,,1.813E+05,,6.802E+08,,2.800E-01,,1.138E+01,,1.214E-27,,r,,4.6
,,113,,5.569E+08,,4.517E+07,,1.406E-05,,7.678E+24,,1.835E+05,,7.186E+08,,2.923E-01,,1.130E+01,,1.595E-27,,r,,4.6
,,114,,5.563E+08,,4.728E+07,,1.479E-05,,7.678E+24,,1.857E+05,,7.588E+08,,3.050E-01,,1.123E+01,,2.089E-27,,r,,4.6
,,115,,5.557E+08,,4.946E+07,,1.555E-05,,7.678E+24,,1.879E+05,,8.009E+08,,3.182E-01,,1.115E+01,,2.726E-27,,r,,4.6
,,116,,5.551E+08,,5.173E+07,,1.635E-05,,7.678E+24,,1.901E+05,,8.448E+08,,3.318E-01,,1.107E+01,,3.545E-27,,r,,4.6
,,117,,5.544E+08,,5.407E+07,,1.717E-05,,7.678E+24,,1.923E+05,,8.907E+08,,3.458E-01,,1.100E+01,,4.594E-27,,r,,4.6
,,118,,5.538E+08,,5.650E+07,,1.803E-05,,7.678E+24,,1.945E+05,,9.387E+08,,3.603E-01,,1.093E+01,,5.936E-27,,r,,4.6
,,119,,5.532E+08,,5.901E+07,,1.892E-05,,7.678E+24,,1.967E+05,,9.888E+08,,3.752E-01,,1.085E+01,,7.645E-27,,r,,4.6
,,120,,5.526E+08,,6.161E+07,,1.984E-05,,7.678E+24,,1.990E+05,,1.041E+09,,3.906E-01,,1.078E+01,,9.816E-27,,r,,4.6
,,121,,5.519E+08,,6.429E+07,,2.080E-05,,7.678E+24,,2.012E+05,,1.096E+09,,4.065E-01,,1.071E+01,,1.256E-26,,r,,4.6
,,122,,5.513E+08,,6.707E+07,,2.180E-05,,7.678E+24,,2.034E+05,,1.152E+09,,4.229E-01,,1.064E+01,,1.604E-26,,r,,4.6
,,123,,5.507E+08,,6.994E+07,,2.284E-05,,7.678E+24,,2.057E+05,,1.212E+09,,4.398E-01,,1.058E+01,,2.041E-26,,r,,4.6
,,124,,5.500E+08,,7.291E+07,,2.391E-05,,7.678E+24,,2.079E+05,,1.273E+09,,4.573E-01,,1.051E+01,,2.590E-26,,r,,4.6
,,125,,5.494E+08,,7.597E+07,,2.503E-05,,7.678E+24,,2.102E+05,,1.338E+09,,4.753E-01,,1.044E+01,,3.278E-26,,r,,4.6
,,126,,5.488E+08,,7.914E+07,,2.618E-05,,7.678E+24,,2.124E+05,,1.405E+09,,4.938E-01,,1.038E+01,,4.138E-26,,r,,4.6
,,127,,5.482E+08,,8.240E+07,,2.738E-05,,7.678E+24,,2.147E+05,,1.475E+09,,5.129E-01,,1.032E+01,,5.209E-26,,r,,4.6
,,128,,5.475E+08,,8.577E+07,,2.862E-05,,7.678E+24,,2.169E+05,,1.547E+09,,5.325E-01,,1.025E+01,,6.541E-26,,r,,4.6
,,129,,5.469E+08,,8.925E+07,,2.990E-05,,7.678E+24,,2.192E+05,,1.623E+09,,5.527E-01,,1.019E+01,,8.193E-26,,r,,4.6
,,130,,5.463E+08,,9.284E+07,,3.123E-05,,7.678E+24,,2.215E+05,,1.701E+09,,5.736E-01,,1.013E+01,,1.024E-25,,r,,4.6
,,131,,5.457E+08,,9.654E+07,,3.261E-05,,7.678E+24,,2.237E+05,,1.783E+09,,5.950E-01,,1.007E+01,,1.276E-25,,r,,4.6
,,132,,5.450E+08,,1.004E+08,,3.403E-05,,7.678E+24,,2.260E+05,,1.868E+09,,6.171E-01,,1.001E+01,,1.587E-25,,r,,4.6
,,133,,5.444E+08,,1.043E+08,,3.551E-05,,7.678E+24,,2.283E+05,,1.957E+09,,6.398E-01,,9.954E+00,,1.968E-25,,r,,4.6
,,134,,5.438E+08,,1.084E+08,,3.703E-05,,7.678E+24,,2.306E+05,,2.048E+09,,6.631E-01,,9.896E+00,,2.436E-25,,r,,4.6
,,135,,5.431E+08,,1.125E+08,,3.861E-05,,7.678E+24,,2.329E+05,,2.144E+09,,6.872E-01,,9.839E+00,,3.009E-25,,r,,4.6
,,136,,5.425E+08,,1.168E+08,,4.024E-05,,7.678E+24,,2.352E+05,,2.243E+09,,7.119E-01,,9.783E+00,,3.708E-25,,r,,4.6
,,137,,5.419E+08,,1.213E+08,,4.192E-05,,7.678E+24,,2.375E+05,,2.346E+09,,7.372E-01,,9.728E+00,,4.559E-25,,r,,4.6
,,138,,5.413E+08,,1.258E+08,,4.366E-05,,7.678E+24,,2.399E+05,,2.452E+09,,7.633E-01,,9.673E+00,,5.595E-25,,r,,4.6
,,139,,5.406E+08,,1.305E+08,,4.546E-05,,7.678E+24,,2.422E+05,,2.563E+09,,7.902E-01,,9.620E+00,,6.852E-25,,r,,4.6
,,140,,5.400E+08,,1.354E+08,,4.732E-05,,7.678E+24,,2.445E+05,,2.678E+09,,8.177E-01,,9.566E+00,,8.374E-25,,r,,4.6
,,141,,5.394E+08,,1.403E+08,,4.923E-05,,7.678E+24,,2.468E+05,,2.797E+09,,8.460E-01,,9.514E+00,,1.021E-24,,r,,4.6
,,142,,5.388E+08,,1.455E+08,,5.121E-05,,7.678E+24,,2.492E+05,,2.921E+09,,8.751E-01,,9.462E+00,,1.243E-24,,r,,4.6
,,143,,5.381E+08,,1.507E+08,,5.325E-05,,7.678E+24,,2.515E+05,,3.049E+09,,9.049E-01,,9.411E+00,,1.511E-24,,r,,4.6
,,144,,5.375E+08,,1.561E+08,,5.535E-05,,7.678E+24,,2.539E+05,,3.181E+09,,9.356E-01,,9.361E+00,,1.832E-24,,r,,4.6
,,145,,5.369E+08,,1.617E+08,,5.752E-05,,7.678E+24,,2.562E+05,,3.319E+09,,9.671E-01,,9.311E+00,,2.218E-24,,r,,4.6
,,146,,5.363E+08,,1.674E+08,,5.976E-05,,7.678E+24,,2.586E+05,,3.461E+09,,9.994E-01,,9.262E+00,,2.680E-24,,r,,4.6
,,147,,5.356E+08,,1.733E+08,,6.207E-05,,7.678E+24,,2.610E+05,,3.609E+09,,1.033E+00,,9.213E+00,,3.233E-24,,r,,4.6
,,148,,5.350E+08,,1.794E+08,,6.445E-05,,7.678E+24,,2.633E+05,,3.762E+09,,1.067E+00,,9.165E+00,,3.893E-24,,r,,4.6
,,149,,5.344E+08,,1.856E+08,,6.690E-05,,7.678E+24,,2.657E+05,,3.920E+09,,1.101E+00,,9.118E+00,,4.679E-24,,r,,4.6
,,150,,5.337E+08,,1.920E+08,,6.942E-05,,7.678E+24,,2.681E+05,,4.084E+09,,1.137E+00,,9.071E+00,,5.616E-24,,r,,4.6
,,151,,5.331E+08,,1.985E+08,,7.202E-05,,7.678E+24,,2.705E+05,,4.253E+09,,1.174E+00,,9.024E+00,,6.728E-24,,r,,4.6
,,152,,5.325E+08,,2.053E+08,,7.470E-05,,7.678E+24,,2.729E+05,,4.428E+09,,1.212E+00,,8.979E+00,,8.048E-24,,r,,4.6
,,153,,5.319E+08,,2.122E+08,,7.745E-05,,7.678E+24,,2.753E+05,,4.610E+09,,1.250E+00,,8.933E+00,,9.612E-24,,r,,4.6
,,154,,5.312E+08,,2.193E+08,,8.029E-05,,7.678E+24,,2.777E+05,,4.797E+09,,1.290E+00,,8.889E+00,,1.146E-23,,r,,4.6
,,155,,5.306E+08,,2.266E+08,,8.321E-05,,7.678E+24,,2.801E+05,,4.991E+09,,1.330E+00,,8.844E+00,,1.365E-23,,r,,4.6
,,156,,5.300E+08,,2.340E+08,,8.621E-05,,7.678E+24,,2.825E+05,,5.192E+09,,1.372E+00,,8.801E+00,,1.622E-23,,r,,4.6
,,157,,5.294E+08,,2.417E+08,,8.930E-05,,7.678E+24,,2.849E+05,,5.399E+09,,1.415E+00,,8.758E+00,,1.925E-23,,r,,4.6
,,158,,5.287E+08,,2.496E+08,,9.248E-05,,7.678E+24,,2.874E+05,,5.613E+09,,1.458E+00,,8.715E+00,,2.282E-23,,r,,4.6
,,159,,5.281E+08,,2.577E+08,,9.575E-05,,7.678E+24,,2.898E+05,,5.834E+09,,1.503E+00,,8.673E+00,,2.701E-23,,r,,4.6
,,160,,5.275E+08,,2.659E+08,,9.911E-05,,7.678E+24,,2.922E+05,,6.063E+09,,1.549E+00,,8.631E+00,,3.193E-23,,r,,4.6
,,161,,5.268E+08,,2.744E+08,,1.026E-04,,7.678E+24,,2.947E+05,,6.299E+09,,1.596E+00,,8.590E+00,,3.768E-23,,r,,4.6
,,162,,5.262E+08,,2.831E+08,,1.061E-04,,7.678E+24,,2.971E+05,,6.542E+09,,1.644E+00,,8.549E+00,,4.442E-23,,r,,4.6
,,163,,5.256E+08,,2.921E+08,,1.098E-04,,7.678E+24,,2.996E+05,,6.794E+09,,1.693E+00,,8.508E+00,,5.228E-23,,r,,4.6
,,164,,5.250E+08,,3.012E+08,,1.135E-04,,7.678E+24,,3.021E+05,,7.054E+09,,1.743E+00,,8.469E+00,,6.146E-23,,r,,4.6
,,165,,5.243E+08,,3.106E+08,,1.174E-04,,7.678E+24,,3.045E+05,,7.322E+09,,1.795E+00,,8.429E+00,,7.216E-23,,r,,4.6
,,166,,5.237E+08,,3.202E+08,,1.213E-04,,7.678E+24,,3.070E+05,,7.599E+09,,1.848E+00,,8.390E+00,,8.460E-23,,r,,4.6
,,167,,5.231E+08,,3.300E+08,,1.254E-04,,7.678E+24,,3.095E+05,,7.884E+09,,1.902E+00,,8.351E+00,,9.907E-23,,r,,4.6
,,168,,5.225E+08,,3.401E+08,,1.295E-04,,7.678E+24,,3.120E+05,,8.179E+09,,1.957E+00,,8.313E+00,,1.159E-22,,r,,4.6
,,169,,5.218E+08,,3.504E+08,,1.338E-04,,7.678E+24,,3.145E+05,,8.483E+09,,2.014E+00,,8.275E+00,,1.354E-22,,r,,4.6
,,170,,5.212E+08,,3.610E+08,,1.382E-04,,7.678E+24,,3.170E+05,,8.796E+09,,2.072E+00,,8.238E+00,,1.579E-22,,r,,4.6
,,171,,5.206E+08,,3.719E+08,,1.427E-04,,7.678E+24,,3.195E+05,,9.119E+09,,2.131E+00,,8.200E+00,,1.841E-22,,r,,4.6
,,172,,5.199E+08,,3.829E+08,,1.473E-04,,7.678E+24,,3.220E+05,,9.452E+09,,2.192E+00,,8.164E+00,,2.142E-22,,r,,4.6
,,173,,5.193E+08,,3.943E+08,,1.521E-04,,7.678E+24,,3.245E+05,,9.796E+09,,2.254E+00,,8.127E+00,,2.491E-22,,r,,4.6
,,174,,5.187E+08,,4.059E+08,,1.570E-04,,7.678E+24,,3.271E+05,,1.015E+10,,2.317E+00,,8.091E+00,,2.893E-22,,r,,4.6
,,175,,5.181E+08,,4.178E+08,,1.619E-04,,7.678E+24,,3.296E+05,,1.051E+10,,2.382E+00,,8.056E+00,,3.356E-22,,r,,4.6
,,176,,5.174E+08,,4.300E+08,,1.671E-04,,7.678E+24,,3.321E+05,,1.089E+10,,2.448E+00,,8.020E+00,,3.889E-22,,r,,4.6
,,177,,5.168E+08,,4.424E+08,,1.723E-04,,7.678E+24,,3.347E+05,,1.128E+10,,2.516E+00,,7.985E+00,,4.502E-22,,r,,4.6
,,178,,5.162E+08,,4.552E+08,,1.777E-04,,7.678E+24,,3.372E+05,,1.168E+10,,2.585E+00,,7.951E+00,,5.205E-22,,r,,4.6
,,179,,5.156E+08,,4.682E+08,,1.832E-04,,7.678E+24,,3.398E+05,,1.209E+10,,2.656E+00,,7.917E+00,,6.013E-22,,r,,4.6
,,180,,5.149E+08,,4.816E+08,,1.888E-04,,7.678E+24,,3.424E+05,,1.251E+10,,2.728E+00,,7.883E+00,,6.938E-22,,r,,4.6
,,181,,5.143E+08,,4.952E+08,,1.946E-04,,7.678E+24,,3.449E+05,,1.295E+10,,2.802E+00,,7.849E+00,,7.998E-22,,r,,4.6
,,182,,5.137E+08,,5.092E+08,,2.006E-04,,7.678E+24,,3.475E+05,,1.339E+10,,2.878E+00,,7.816E+00,,9.210E-22,,r,,4.6
,,183,,5.130E+08,,5.234E+08,,2.066E-04,,7.678E+24,,3.501E+05,,1.386E+10,,2.955E+00,,7.783E+00,,1.060E-21,,r,,4.6
,,184,,5.124E+08,,5.380E+08,,2.129E-04,,7.678E+24,,3.527E+05,,1.433E+10,,3.034E+00,,7.750E+00,,1.218E-21,,r,,4.6
,,185,,5.118E+08,,5.529E+08,,2.192E-04,,7.678E+24,,3.553E+05,,1.482E+10,,3.115E+00,,7.718E+00,,1.398E-21,,r,,4.6
,,186,,5.112E+08,,5.682E+08,,2.258E-04,,7.678E+24,,3.579E+05,,1.532E+10,,3.197E+00,,7.686E+00,,1.604E-21,,r,,4.6
,,187,,5.105E+08,,5.838E+08,,2.324E-04,,7.678E+24,,3.605E+05,,1.584E+10,,3.281E+00,,7.654E+00,,1.838E-21,,r,,4.6
,,188,,5.099E+08,,5.997E+08,,2.393E-04,,7.678E+24,,3.631E+05,,1.637E+10,,3.367E+00,,7.623E+00,,2.105E-21,,r,,4.6
,,189,,5.093E+08,,6.159E+08,,2.463E-04,,7.678E+24,,3.657E+05,,1.692E+10,,3.455E+00,,7.591E+00,,2.408E-21,,r,,4.6
,,190,,5.087E+08,,6.326E+08,,2.535E-04,,7.678E+24,,3.684E+05,,1.748E+10,,3.544E+00,,7.560E+00,,2.752E-21,,r,,4.6
,,191,,5.080E+08,,6.496E+08,,2.608E-04,,7.678E+24,,3.710E+05,,1.806E+10,,3.636E+00,,7.530E+00,,3.142E-21,,r,,4.6
,,192,,5.074E+08,,6.669E+08,,2.683E-04,,7.678E+24,,3.736E+05,,1.866E+10,,3.729E+00,,7.499E+00,,3.585E-21,,r,,4.6
,,193,,5.068E+08,,6.846E+08,,2.760E-04,,7.678E+24,,3.763E+05,,1.927E+10,,3.824E+00,,7.469E+00,,4.086E-21,,r,,4.6
,,194,,5.061E+08,,7.028E+08,,2.838E-04,,7.678E+24,,3.789E+05,,1.990E+10,,3.922E+00,,7.440E+00,,4.654E-21,,r,,4.6
,,195,,5.055E+08,,7.212E+08,,2.919E-04,,7.678E+24,,3.816E+05,,2.055E+10,,4.021E+00,,7.410E+00,,5.297E-21,,r,,4.6
,,196,,5.049E+08,,7.401E+08,,3.001E-04,,7.678E+24,,3.843E+05,,2.122E+10,,4.122E+00,,7.381E+00,,6.022E-21,,r,,4.6
,,197,,5.043E+08,,7.594E+08,,3.085E-04,,7.678E+24,,3.869E+05,,2.190E+10,,4.226E+00,,7.352E+00,,6.842E-21,,r,,4.6
,,198,,5.036E+08,,7.791E+08,,3.171E-04,,7.678E+24,,3.896E+05,,2.260E+10,,4.331E+00,,7.323E+00,,7.767E-21,,r,,4.6
,,199,,5.030E+08,,7.992E+08,,3.258E-04,,7.678E+24,,3.923E+05,,2.332E+10,,4.439E+00,,7.294E+00,,8.810E-21,,r,,4.6
,,200,,5.024E+08,,8.197E+08,,3.348E-04,,7.678E+24,,3.950E+05,,2.407E+10,,4.549E+00,,7.266E+00,,9.985E-21,,r,,4.6
,,201,,5.018E+08,,8.407E+08,,3.440E-04,,7.678E+24,,3.977E+05,,2.483E+10,,4.661E+00,,7.238E+00,,1.131E-20,,r,,4.6
,,202,,5.011E+08,,8.620E+08,,3.534E-04,,7.678E+24,,4.004E+05,,2.561E+10,,4.776E+00,,7.210E+00,,1.280E-20,,r,,4.6
,,203,,5.005E+08,,8.839E+08,,3.630E-04,,7.678E+24,,4.031E+05,,2.641E+10,,4.892E+00,,7.183E+00,,1.447E-20,,r,,4.6
,,204,,4.999E+08,,9.061E+08,,3.727E-04,,7.678E+24,,4.059E+05,,2.724E+10,,5.011E+00,,7.155E+00,,1.635E-20,,r,,4.6
,,205,,4.992E+08,,9.289E+08,,3.828E-04,,7.678E+24,,4.086E+05,,2.809E+10,,5.133E+00,,7.128E+00,,1.846E-20,,r,,4.6
,,206,,4.986E+08,,9.520E+08,,3.930E-04,,7.678E+24,,4.113E+05,,2.896E+10,,5.257E+00,,7.101E+00,,2.083E-20,,r,,4.6
,,207,,4.980E+08,,9.757E+08,,4.034E-04,,7.678E+24,,4.141E+05,,2.985E+10,,5.383E+00,,7.074E+00,,2.349E-20,,r,,4.6
,,208,,4.974E+08,,9.998E+08,,4.141E-04,,7.678E+24,,4.168E+05,,3.077E+10,,5.512E+00,,7.048E+00,,2.646E-20,,r,,4.6
,,209,,4.967E+08,,1.024E+09,,4.250E-04,,7.678E+24,,4.196E+05,,3.171E+10,,5.643E+00,,7.022E+00,,2.979E-20,,r,,4.6
,,210,,4.961E+08,,1.050E+09,,4.361E-04,,7.678E+24,,4.223E+05,,3.268E+10,,5.777E+00,,6.996E+00,,3.352E-20,,r,,4.6
,,211,,4.955E+08,,1.075E+09,,4.475E-04,,7.678E+24,,4.251E+05,,3.367E+10,,5.914E+00,,6.970E+00,,3.769E-20,,r,,4.6
,,212,,4.949E+08,,1.101E+09,,4.591E-04,,7.678E+24,,4.279E+05,,3.469E+10,,6.053E+00,,6.944E+00,,4.235E-20,,r,,4.6
,,213,,4.942E+08,,1.128E+09,,4.709E-04,,7.678E+24,,4.307E+05,,3.573E+10,,6.195E+00,,6.919E+00,,4.755E-20,,r,,4.6
,,214,,4.936E+08,,1.155E+09,,4.830E-04,,7.678E+24,,4.335E+05,,3.680E+10,,6.339E+00,,6.894E+00,,5.335E-20,,r,,4.6
,,215,,4.930E+08,,1.183E+09,,4.953E-04,,7.678E+24,,4.363E+05,,3.790E+10,,6.487E+00,,6.868E+00,,5.983E-20,,r,,4.6
,,216,,4.923E+08,,1.211E+09,,5.079E-04,,7.678E+24,,4.391E+05,,3.903E+10,,6.637E+00,,6.844E+00,,6.704E-20,,r,,4.6
,,217,,4.917E+08,,1.240E+09,,5.207E-04,,7.678E+24,,4.419E+05,,4.019E+10,,6.790E+00,,6.819E+00,,7.508E-20,,r,,4.6
,,218,,4.911E+08,,1.269E+09,,5.339E-04,,7.678E+24,,4.447E+05,,4.137E+10,,6.946E+00,,6.794E+00,,8.403E-20,,r,,4.6
,,219,,4.905E+08,,1.299E+09,,5.472E-04,,7.678E+24,,4.476E+05,,4.259E+10,,7.105E+00,,6.770E+00,,9.399E-20,,r,,4.6
,,220,,4.898E+08,,1.329E+09,,5.609E-04,,7.678E+24,,4.504E+05,,4.384E+10,,7.267E+00,,6.746E+00,,1.051E-19,,r,,4.6
,,221,,4.892E+08,,1.360E+09,,5.748E-04,,7.678E+24,,4.532E+05,,4.512E+10,,7.433E+00,,6.722E+00,,1.174E-19,,r,,4.6
,,222,,4.886E+08,,1.392E+09,,5.890E-04,,7.678E+24,,4.561E+05,,4.643E+10,,7.601E+00,,6.698E+00,,1.310E-19,,r,,4.6
,,223,,4.880E+08,,1.424E+09,,6.035E-04,,7.678E+24,,4.589E+05,,4.777E+10,,7.772E+00,,6.675E+00,,1.462E-19,,r,,4.6
,,224,,4.873E+08,,1.457E+09,,6.183E-04,,7.678E+24,,4.618E+05,,4.915E+10,,7.947E+00,,6.652E+00,,1.630E-19,,r,,4.6
,,225,,4.867E+08,,1.491E+09,,6.333E-04,,7.678E+24,,4.647E+05,,5.056E+10,,8.125E+00,,6.628E+00,,1.817E-19,,r,,4.6
,,226,,4.861E+08,,1.525E+09,,6.487E-04,,7.678E+24,,4.676E+05,,5.201E+10,,8.306E+00,,6.605E+00,,2.024E-19,,r,,4.6
,,227,,4.854E+08,,1.559E+09,,6.643E-04,,7.678E+24,,4.705E+05,,5.350E+10,,8.491E+00,,6.582E+00,,2.253E-19,,r,,4.6
,,228,,4.848E+08,,1.595E+09,,6.803E-04,,7.678E+24,,4.734E+05,,5.502E+10,,8.679E+00,,6.560E+00,,2.507E-19,,r,,4.6
,,229,,4.842E+08,,1.631E+09,,6.966E-04,,7.678E+24,,4.763E+05,,5.658E+10,,8.870E+00,,6.537E+00,,2.788E-19,,r,,4.6
,,230,,4.836E+08,,1.667E+09,,7.132E-04,,7.678E+24,,4.792E+05,,5.817E+10,,9.065E+00,,6.515E+00,,3.098E-19,,r,,4.6
,,231,,4.829E+08,,1.705E+09,,7.301E-04,,7.678E+24,,4.821E+05,,5.981E+10,,9.264E+00,,6.493E+00,,3.441E-19,,r,,4.6
,,232,,4.823E+08,,1.743E+09,,7.473E-04,,7.678E+24,,4.850E+05,,6.149E+10,,9.466E+00,,6.470E+00,,3.820E-19,,r,,4.6
,,233,,4.817E+08,,1.782E+09,,7.649E-04,,7.678E+24,,4.880E+05,,6.320E+10,,9.672E+00,,6.449E+00,,4.239E-19,,r,,4.6
,,234,,4.811E+08,,1.821E+09,,7.828E-04,,7.678E+24,,4.909E+05,,6.496E+10,,9.881E+00,,6.427E+00,,4.701E-19,,r,,4.6
,,235,,4.804E+08,,1.861E+09,,8.011E-04,,7.678E+24,,4.939E+05,,6.677E+10,,1.009E+01,,6.405E+00,,5.210E-19,,r,,4.6
,,236,,4.798E+08,,1.902E+09,,8.197E-04,,7.678E+24,,4.968E+05,,6.861E+10,,1.031E+01,,6.384E+00,,5.772E-19,,r,,4.6
,,237,,4.792E+08,,1.944E+09,,8.386E-04,,7.678E+24,,4.998E+05,,7.050E+10,,1.053E+01,,6.362E+00,,6.392E-19,,r,,4.6
,,238,,4.785E+08,,1.986E+09,,8.579E-04,,7.678E+24,,5.028E+05,,7.244E+10,,1.076E+01,,6.341E+00,,7.074E-19,,r,,4.6
,,239,,4.779E+08,,2.030E+09,,8.775E-04,,7.678E+24,,5.057E+05,,7.442E+10,,1.099E+01,,6.320E+00,,7.825E-19,,r,,4.6
,,240,,4.773E+08,,2.073E+09,,8.976E-04,,7.678E+24,,5.087E+05,,7.645E+10,,1.122E+01,,6.299E+00,,8.651E-19,,r,,4.6
,,241,,4.767E+08,,2.118E+09,,9.180E-04,,7.678E+24,,5.117E+05,,7.853E+10,,1.146E+01,,6.279E+00,,9.561E-19,,r,,4.6
,,242,,4.760E+08,,2.164E+09,,9.387E-04,,7.678E+24,,5.147E+05,,8.066E+10,,1.170E+01,,6.258E+00,,1.056E-18,,r,,4.6
,,243,,4.754E+08,,2.210E+09,,9.599E-04,,7.678E+24,,5.177E+05,,8.283E+10,,1.195E+01,,6.238E+00,,1.166E-18,,r,,4.6
,,244,,4.748E+08,,2.257E+09,,9.814E-04,,7.678E+24,,5.208E+05,,8.506E+10,,1.220E+01,,6.217E+00,,1.287E-18,,r,,4.6
,,245,,4.742E+08,,2.305E+09,,1.003E-03,,7.678E+24,,5.238E+05,,8.735E+10,,1.245E+01,,6.197E+00,,1.419E-18,,r,,4.6
,,246,,4.735E+08,,2.354E+09,,1.026E-03,,7.678E+24,,5.268E+05,,8.968E+10,,1.271E+01,,6.177E+00,,1.565E-18,,r,,4.6
,,247,,4.729E+08,,2.404E+09,,1.048E-03,,7.678E+24,,5.299E+05,,9.207E+10,,1.297E+01,,6.157E+00,,1.724E-18,,r,,4.6
,,248,,4.723E+08,,2.454E+09,,1.072E-03,,7.678E+24,,5.329E+05,,9.452E+10,,1.324E+01,,6.138E+00,,1.899E-18,,r,,4.6
,,249,,4.716E+08,,2.506E+09,,1.095E-03,,7.678E+24,,5.360E+05,,9.702E+10,,1.352E+01,,6.118E+00,,2.091E-18,,r,,4.6
,,250,,4.710E+08,,2.558E+09,,1.119E-03,,7.678E+24,,5.391E+05,,9.959E+10,,1.379E+01,,6.098E+00,,2.301E-18,,r,,4.6
,,251,,4.704E+08,,2.611E+09,,1.143E-03,,7.678E+24,,5.421E+05,,1.022E+11,,1.408E+01,,6.079E+00,,2.531E-18,,r,,4.6
,,252,,4.698E+08,,2.665E+09,,1.168E-03,,7.678E+24,,5.452E+05,,1.049E+11,,1.436E+01,,6.060E+00,,2.783E-18,,r,,4.6
,,253,,4.691E+08,,2.720E+09,,1.194E-03,,7.678E+24,,5.483E+05,,1.076E+11,,1.466E+01,,6.041E+00,,3.059E-18,,r,,4.6
,,254,,4.685E+08,,2.776E+09,,1.219E-03,,7.678E+24,,5.514E+05,,1.104E+11,,1.496E+01,,6.022E+00,,3.360E-18,,r,,4.6
,,255,,4.679E+08,,2.833E+09,,1.245E-03,,7.678E+24,,5.545E+05,,1.133E+11,,1.526E+01,,6.003E+00,,3.690E-18,,r,,4.6
,,256,,4.673E+08,,2.891E+09,,1.272E-03,,7.678E+24,,5.577E+05,,1.163E+11,,1.557E+01,,5.984E+00,,4.050E-18,,r,,4.6
,,257,,4.666E+08,,2.950E+09,,1.299E-03,,7.678E+24,,5.608E+05,,1.193E+11,,1.588E+01,,5.965E+00,,4.444E-18,,r,,4.6
,,258,,4.660E+08,,3.010E+09,,1.327E-03,,7.678E+24,,5.639E+05,,1.223E+11,,1.620E+01,,5.947E+00,,4.874E-18,,r,,4.6
,,259,,4.654E+08,,3.071E+09,,1.355E-03,,7.678E+24,,5.671E+05,,1.255E+11,,1.652E+01,,5.928E+00,,5.344E-18,,r,,4.6
,,260,,4.648E+08,,3.133E+09,,1.383E-03,,7.678E+24,,5.702E+05,,1.287E+11,,1.685E+01,,5.910E+00,,5.856E-18,,r,,4.6
,,261,,4.641E+08,,3.196E+09,,1.412E-03,,7.678E+24,,5.734E+05,,1.320E+11,,1.719E+01,,5.892E+00,,6.415E-18,,r,,4.6
,,262,,4.635E+08,,3.260E+09,,1.442E-03,,7.678E+24,,5.766E+05,,1.353E+11,,1.753E+01,,5.874E+00,,7.024E-18,,r,,4.6
,,263,,4.629E+08,,3.325E+09,,1.472E-03,,7.678E+24,,5.798E+05,,1.388E+11,,1.787E+01,,5.856E+00,,7.689E-18,,r,,4.6
,,264,,4.622E+08,,3.391E+09,,1.502E-03,,7.678E+24,,5.829E+05,,1.423E+11,,1.823E+01,,5.838E+00,,8.413E-18,,r,,4.6
,,265,,4.616E+08,,3.459E+09,,1.533E-03,,7.678E+24,,5.861E+05,,1.459E+11,,1.859E+01,,5.820E+00,,9.201E-18,,r,,4.6
,,266,,4.610E+08,,3.527E+09,,1.565E-03,,7.678E+24,,5.893E+05,,1.496E+11,,1.895E+01,,5.802E+00,,1.006E-17,,r,,4.6
,,267,,4.604E+08,,3.597E+09,,1.597E-03,,7.678E+24,,5.926E+05,,1.533E+11,,1.932E+01,,5.785E+00,,1.099E-17,,r,,4.6
,,268,,4.597E+08,,3.667E+09,,1.630E-03,,7.678E+24,,5.958E+05,,1.572E+11,,1.970E+01,,5.767E+00,,1.201E-17,,r,,4.6
,,269,,4.591E+08,,3.739E+09,,1.663E-03,,7.678E+24,,5.990E+05,,1.611E+11,,2.008E+01,,5.750E+00,,1.312E-17,,r,,4.6
,,270,,4.585E+08,,3.812E+09,,1.697E-03,,7.678E+24,,6.023E+05,,1.651E+11,,2.047E+01,,5.733E+00,,1.432E-17,,r,,4.6
,,271,,4.579E+08,,3.886E+09,,1.731E-03,,7.678E+24,,6.055E+05,,1.692E+11,,2.087E+01,,5.716E+00,,1.563E-17,,r,,4.6
,,272,,4.572E+08,,3.962E+09,,1.766E-03,,7.678E+24,,6.088E+05,,1.734E+11,,2.127E+01,,5.699E+00,,1.705E-17,,r,,4.6
,,273,,4.566E+08,,4.038E+09,,1.801E-03,,7.678E+24,,6.120E+05,,1.777E+11,,2.168E+01,,5.682E+00,,1.859E-17,,r,,4.6
,,274,,4.560E+08,,4.116E+09,,1.837E-03,,7.678E+24,,6.153E+05,,1.821E+11,,2.209E+01,,5.665E+00,,2.027E-17,,r,,4.6
,,275,,4.553E+08,,4.195E+09,,1.874E-03,,7.678E+24,,6.186E+05,,1.865E+11,,2.252E+01,,5.648E+00,,2.209E-17,,r,,4.6
,,276,,4.547E+08,,4.276E+09,,1.911E-03,,7.678E+24,,6.219E+05,,1.911E+11,,2.295E+01,,5.631E+00,,2.407E-17,,r,,4.6
,,277,,4.541E+08,,4.357E+09,,1.949E-03,,7.678E+24,,6.252E+05,,1.958E+11,,2.338E+01,,5.615E+00,,2.621E-17,,r,,4.6
,,278,,4.535E+08,,4.440E+09,,1.987E-03,,7.678E+24,,6.285E+05,,2.006E+11,,2.383E+01,,5.598E+00,,2.853E-17,,r,,4.6
,,279,,4.528E+08,,4.525E+09,,2.026E-03,,7.678E+24,,6.319E+05,,2.054E+11,,2.428E+01,,5.582E+00,,3.105E-17,,r,,4.6
,,280,,4.522E+08,,4.610E+09,,2.066E-03,,7.678E+24,,6.352E+05,,2.104E+11,,2.474E+01,,5.566E+00,,3.378E-17,,r,,4.6
,,281,,4.516E+08,,4.697E+09,,2.106E-03,,7.678E+24,,6.385E+05,,2.155E+11,,2.520E+01,,5.550E+00,,3.674E-17,,r,,4.6
,,282,,4.510E+08,,4.786E+09,,2.147E-03,,7.678E+24,,6.419E+05,,2.207E+11,,2.568E+01,,5.533E+00,,3.995E-17,,r,,4.6
,,283,,4.503E+08,,4.876E+09,,2.189E-03,,7.678E+24,,6.452E+05,,2.260E+11,,2.616E+01,,5.517E+00,,4.342E-17,,r,,4.6
,,284,,4.497E+08,,4.967E+09,,2.231E-03,,7.678E+24,,6.486E+05,,2.315E+11,,2.665E+01,,5.502E+00,,4.717E-17,,r,,4.6
,,285,,4.491E+08,,5.060E+09,,2.274E-03,,7.678E+24,,6.520E+05,,2.370E+11,,2.715E+01,,5.486E+00,,5.124E-17,,r,,4.6
,,286,,4.484E+08,,5.154E+09,,2.317E-03,,7.678E+24,,6.554E+05,,2.427E+11,,2.765E+01,,5.470E+00,,5.564E-17,,r,,4.6
,,287,,4.478E+08,,5.249E+09,,2.362E-03,,7.678E+24,,6.588E+05,,2.485E+11,,2.816E+01,,5.454E+00,,6.039E-17,,r,,4.6
,,288,,4.472E+08,,5.346E+09,,2.407E-03,,7.678E+24,,6.622E+05,,2.544E+11,,2.869E+01,,5.439E+00,,6.554E-17,,r,,4.6
,,289,,4.466E+08,,5.445E+09,,2.452E-03,,7.678E+24,,6.656E+05,,2.604E+11,,2.922E+01,,5.423E+00,,7.109E-17,,r,,4.6
,,290,,4.459E+08,,5.545E+09,,2.499E-03,,7.678E+24,,6.690E+05,,2.666E+11,,2.975E+01,,5.408E+00,,7.710E-17,,r,,4.6
,,291,,4.453E+08,,5.647E+09,,2.546E-03,,7.678E+24,,6.725E+05,,2.729E+11,,3.030E+01,,5.393E+00,,8.359E-17,,r,,4.6
,,292,,4.447E+08,,5.750E+09,,2.594E-03,,7.678E+24,,6.759E+05,,2.793E+11,,3.086E+01,,5.377E+00,,9.060E-17,,r,,4.6
,,293,,4.441E+08,,5.855E+09,,2.642E-03,,7.678E+24,,6.794E+05,,2.859E+11,,3.142E+01,,5.362E+00,,9.817E-17,,r,,4.6
,,294,,4.434E+08,,5.962E+09,,2.692E-03,,7.678E+24,,6.829E+05,,2.926E+11,,3.199E+01,,5.347E+00,,1.063E-16,,r,,4.6
,,295,,4.428E+08,,6.070E+09,,2.742E-03,,7.678E+24,,6.863E+05,,2.994E+11,,3.258E+01,,5.332E+00,,1.152E-16,,r,,4.6
,,296,,4.422E+08,,6.179E+09,,2.793E-03,,7.678E+24,,6.898E+05,,3.064E+11,,3.317E+01,,5.317E+00,,1.247E-16,,r,,4.6
,,297,,4.415E+08,,6.291E+09,,2.844E-03,,7.678E+24,,6.933E+05,,3.136E+11,,3.377E+01,,5.302E+00,,1.349E-16,,r,,4.6
,,298,,4.409E+08,,6.404E+09,,2.897E-03,,7.678E+24,,6.968E+05,,3.208E+11,,3.438E+01,,5.288E+00,,1.460E-16,,r,,4.6
,,299,,4.403E+08,,6.519E+09,,2.950E-03,,7.678E+24,,7.003E+05,,3.283E+11,,3.500E+01,,5.273E+00,,1.579E-16,,r,,4.6
,,300,,4.397E+08,,6.636E+09,,3.004E-03,,7.678E+24,,7.039E+05,,3.359E+11,,3.563E+01,,5.258E+00,,1.707E-16,,r,,4.6
,,301,,4.390E+08,,6.754E+09,,3.059E-03,,7.678E+24,,7.074E+05,,3.436E+11,,3.627E+01,,5.244E+00,,1.846E-16,,r,,4.6
,,302,,4.384E+08,,6.874E+09,,3.114E-03,,7.678E+24,,7.109E+05,,3.515E+11,,3.692E+01,,5.229E+00,,1.995E-16,,r,,4.6
,,303,,4.378E+08,,6.996E+09,,3.171E-03,,7.678E+24,,7.145E+05,,3.596E+11,,3.758E+01,,5.215E+00,,2.156E-16,,r,,4.6
,,304,,4.372E+08,,7.120E+09,,3.228E-03,,7.678E+24,,7.181E+05,,3.679E+11,,3.825E+01,,5.201E+00,,2.328E-16,,r,,4.6
,,305,,4.365E+08,,7.246E+09,,3.287E-03,,7.678E+24,,7.217E+05,,3.763E+11,,3.893E+01,,5.186E+00,,2.514E-16,,r,,4.6
,,306,,4.359E+08,,7.373E+09,,3.346E-03,,7.678E+24,,7.252E+05,,3.849E+11,,3.962E+01,,5.172E+00,,2.715E-16,,r,,4.6
,,307,,4.353E+08,,7.503E+09,,3.406E-03,,7.678E+24,,7.288E+05,,3.936E+11,,4.033E+01,,5.158E+00,,2.930E-16,,r,,4.5
,,308,,4.346E+08,,7.634E+09,,3.466E-03,,7.678E+24,,7.324E+05,,4.026E+11,,4.104E+01,,5.144E+00,,3.161E-16,,r,,4.5
,,309,,4.340E+08,,7.768E+09,,3.528E-03,,7.678E+24,,7.361E+05,,4.117E+11,,4.177E+01,,5.130E+00,,3.411E-16,,r,,4.5
,,310,,4.334E+08,,7.903E+09,,3.591E-03,,7.678E+24,,7.397E+05,,4.210E+11,,4.250E+01,,5.116E+00,,3.678E-16,,r,,4.5
,,311,,4.328E+08,,8.040E+09,,3.654E-03,,7.678E+24,,7.433E+05,,4.305E+11,,4.325E+01,,5.102E+00,,3.966E-16,,r,,4.5
,,312,,4.321E+08,,8.180E+09,,3.719E-03,,7.678E+24,,7.470E+05,,4.402E+11,,4.401E+01,,5.089E+00,,4.275E-16,,r,,4.5
,,313,,4.315E+08,,8.321E+09,,3.784E-03,,7.678E+24,,7.506E+05,,4.501E+11,,4.478E+01,,5.075E+00,,4.607E-16,,r,,4.5
,,314,,4.309E+08,,8.465E+09,,3.850E-03,,7.678E+24,,7.543E+05,,4.602E+11,,4.556E+01,,5.061E+00,,4.964E-16,,r,,4.5
,,315,,4.303E+08,,8.611E+09,,3.918E-03,,7.678E+24,,7.580E+05,,4.705E+11,,4.635E+01,,5.048E+00,,5.347E-16,,r,,4.5
,,316,,4.296E+08,,8.758E+09,,3.986E-03,,7.678E+24,,7.617E+05,,4.811E+11,,4.716E+01,,5.034E+00,,5.758E-16,,r,,4.5
,,317,,4.290E+08,,8.908E+09,,4.055E-03,,7.678E+24,,7.654E+05,,4.918E+11,,4.798E+01,,5.021E+00,,6.199E-16,,r,,4.5
,,318,,4.284E+08,,9.061E+09,,4.126E-03,,7.678E+24,,7.691E+05,,5.027E+11,,4.881E+01,,5.008E+00,,6.672E-16,,r,,4.5
,,319,,4.277E+08,,9.215E+09,,4.197E-03,,7.678E+24,,7.728E+05,,5.139E+11,,4.965E+01,,4.994E+00,,7.180E-16,,r,,4.5
,,320,,4.271E+08,,9.372E+09,,4.269E-03,,7.678E+24,,7.766E+05,,5.253E+11,,5.051E+01,,4.981E+00,,7.725E-16,,r,,4.5
,,321,,4.265E+08,,9.531E+09,,4.342E-03,,7.678E+24,,7.803E+05,,5.369E+11,,5.138E+01,,4.968E+00,,8.309E-16,,r,,4.5
,,322,,4.259E+08,,9.692E+09,,4.417E-03,,7.678E+24,,7.841E+05,,5.488E+11,,5.226E+01,,4.955E+00,,8.935E-16,,r,,4.5
,,323,,4.252E+08,,9.855E+09,,4.492E-03,,7.678E+24,,7.879E+05,,5.609E+11,,5.316E+01,,4.942E+00,,9.606E-16,,r,,4.5
,,324,,4.246E+08,,1.002E+10,,4.569E-03,,7.678E+24,,7.916E+05,,5.732E+11,,5.407E+01,,4.929E+00,,1.032E-15,,r,,4.5
,,325,,4.240E+08,,1.019E+10,,4.646E-03,,7.678E+24,,7.954E+05,,5.858E+11,,5.499E+01,,4.916E+00,,1.110E-15,,r,,4.5
,,326,,4.234E+08,,1.036E+10,,4.725E-03,,7.678E+24,,7.992E+05,,5.986E+11,,5.593E+01,,4.903E+00,,1.192E-15,,r,,4.5
,,327,,4.227E+08,,1.053E+10,,4.805E-03,,7.678E+24,,8.030E+05,,6.117E+11,,5.688E+01,,4.890E+00,,1.280E-15,,r,,4.5
,,328,,4.221E+08,,1.071E+10,,4.886E-03,,7.678E+24,,8.069E+05,,6.251E+11,,5.785E+01,,4.877E+00,,1.375E-15,,r,,4.5
,,329,,4.215E+08,,1.089E+10,,4.968E-03,,7.678E+24,,8.107E+05,,6.387E+11,,5.883E+01,,4.865E+00,,1.476E-15,,r,,4.5
,,330,,4.208E+08,,1.107E+10,,5.051E-03,,7.678E+24,,8.146E+05,,6.526E+11,,5.983E+01,,4.852E+00,,1.585E-15,,r,,4.5
,,331,,4.202E+08,,1.125E+10,,5.135E-03,,7.678E+24,,8.184E+05,,6.668E+11,,6.084E+01,,4.840E+00,,1.701E-15,,r,,4.5
,,332,,4.196E+08,,1.144E+10,,5.221E-03,,7.678E+24,,8.223E+05,,6.812E+11,,6.186E+01,,4.827E+00,,1.825E-15,,r,,4.5
,,333,,4.190E+08,,1.163E+10,,5.307E-03,,7.678E+24,,8.262E+05,,6.960E+11,,6.290E+01,,4.815E+00,,1.957E-15,,r,,4.5
,,334,,4.183E+08,,1.182E+10,,5.395E-03,,7.678E+24,,8.301E+05,,7.110E+11,,6.396E+01,,4.802E+00,,2.099E-15,,r,,4.5
,,335,,4.177E+08,,1.201E+10,,5.484E-03,,7.678E+24,,8.340E+05,,7.263E+11,,6.503E+01,,4.790E+00,,2.251E-15,,r,,4.5
,,336,,4.171E+08,,1.221E+10,,5.574E-03,,7.678E+24,,8.379E+05,,7.419E+11,,6.612E+01,,4.778E+00,,2.413E-15,,r,,4.5
,,337,,4.165E+08,,1.241E+10,,5.666E-03,,7.678E+24,,8.418E+05,,7.579E+11,,6.723E+01,,4.765E+00,,2.587E-15,,r,,4.5
,,338,,4.158E+08,,1.261E+10,,5.759E-03,,7.678E+24,,8.458E+05,,7.741E+11,,6.835E+01,,4.753E+00,,2.772E-15,,r,,4.5
,,339,,4.152E+08,,1.282E+10,,5.853E-03,,7.678E+24,,8.497E+05,,7.907E+11,,6.949E+01,,4.741E+00,,2.970E-15,,r,,4.5
,,340,,4.146E+08,,1.302E+10,,5.948E-03,,7.678E+24,,8.537E+05,,8.076E+11,,7.064E+01,,4.729E+00,,3.181E-15,,r,,4.5
,,341,,4.139E+08,,1.323E+10,,6.044E-03,,7.678E+24,,8.576E+05,,8.248E+11,,7.181E+01,,4.717E+00,,3.407E-15,,r,,4.5
,,342,,4.133E+08,,1.345E+10,,6.142E-03,,7.678E+24,,8.616E+05,,8.424E+11,,7.300E+01,,4.705E+00,,3.648E-15,,r,,4.5
,,343,,4.127E+08,,1.367E+10,,6.242E-03,,7.678E+24,,8.656E+05,,8.603E+11,,7.421E+01,,4.693E+00,,3.906E-15,,r,,4.5
,,344,,4.121E+08,,1.389E+10,,6.342E-03,,7.678E+24,,8.697E+05,,8.785E+11,,7.544E+01,,4.681E+00,,4.180E-15,,r,,4.5
,,345,,4.114E+08,,1.411E+10,,6.444E-03,,7.678E+24,,8.737E+05,,8.972E+11,,7.668E+01,,4.669E+00,,4.473E-15,,r,,4.5
,,346,,4.108E+08,,1.433E+10,,6.547E-03,,7.678E+24,,8.777E+05,,9.161E+11,,7.794E+01,,4.658E+00,,4.786E-15,,r,,4.5
,,347,,4.102E+08,,1.456E+10,,6.652E-03,,7.678E+24,,8.818E+05,,9.355E+11,,7.922E+01,,4.646E+00,,5.120E-15,,r,,4.5
,,348,,4.096E+08,,1.480E+10,,6.758E-03,,7.678E+24,,8.858E+05,,9.552E+11,,8.052E+01,,4.634E+00,,5.476E-15,,r,,4.5
,,349,,4.089E+08,,1.503E+10,,6.865E-03,,7.678E+24,,8.899E+05,,9.753E+11,,8.184E+01,,4.622E+00,,5.855E-15,,r,,4.5
,,350,,4.083E+08,,1.527E+10,,6.974E-03,,7.678E+24,,8.940E+05,,9.958E+11,,8.317E+01,,4.611E+00,,6.260E-15,,r,,4.5
,,351,,4.077E+08,,1.551E+10,,7.084E-03,,7.678E+24,,8.981E+05,,1.017E+12,,8.453E+01,,4.599E+00,,6.691E-15,,r,,4.5
,,352,,4.070E+08,,1.576E+10,,7.196E-03,,7.678E+24,,9.022E+05,,1.038E+12,,8.591E+01,,4.588E+00,,7.151E-15,,r,,4.5
,,353,,4.064E+08,,1.601E+10,,7.309E-03,,7.678E+24,,9.063E+05,,1.060E+12,,8.731E+01,,4.576E+00,,7.641E-15,,r,,4.5
,,354,,4.058E+08,,1.626E+10,,7.424E-03,,7.678E+24,,9.105E+05,,1.082E+12,,8.872E+01,,4.565E+00,,8.163E-15,,r,,4.5
,,355,,4.052E+08,,1.652E+10,,7.540E-03,,7.678E+24,,9.146E+05,,1.104E+12,,9.016E+01,,4.554E+00,,8.719E-15,,r,,4.5
,,356,,4.045E+08,,1.677E+10,,7.658E-03,,7.678E+24,,9.188E+05,,1.127E+12,,9.162E+01,,4.542E+00,,9.312E-15,,r,,4.5
,,357,,4.039E+08,,1.704E+10,,7.777E-03,,7.678E+24,,9.229E+05,,1.151E+12,,9.310E+01,,4.531E+00,,9.942E-15,,r,,4.5
,,358,,4.033E+08,,1.730E+10,,7.898E-03,,7.678E+24,,9.271E+05,,1.175E+12,,9.460E+01,,4.520E+00,,1.061E-14,,r,,4.5
,,359,,4.027E+08,,1.757E+10,,8.020E-03,,7.678E+24,,9.313E+05,,1.199E+12,,9.613E+01,,4.509E+00,,1.133E-14,,r,,4.5
,,360,,4.020E+08,,1.785E+10,,8.144E-03,,7.678E+24,,9.355E+05,,1.224E+12,,9.767E+01,,4.498E+00,,1.209E-14,,r,,4.5
,,361,,4.014E+08,,1.813E+10,,8.270E-03,,7.678E+24,,9.398E+05,,1.249E+12,,9.924E+01,,4.487E+00,,1.290E-14,,r,,4.5
,,362,,4.008E+08,,1.841E+10,,8.397E-03,,7.678E+24,,9.440E+05,,1.275E+12,,1.008E+02,,4.476E+00,,1.376E-14,,r,,4.5
,,363,,4.001E+08,,1.869E+10,,8.525E-03,,7.678E+24,,9.483E+05,,1.301E+12,,1.024E+02,,4.465E+00,,1.468E-14,,r,,4.5
,,364,,3.995E+08,,1.898E+10,,8.656E-03,,7.678E+24,,9.525E+05,,1.328E+12,,1.041E+02,,4.454E+00,,1.566E-14,,r,,4.5
,,365,,3.989E+08,,1.927E+10,,8.788E-03,,7.678E+24,,9.568E+05,,1.355E+12,,1.057E+02,,4.443E+00,,1.669E-14,,r,,4.5
,,366,,3.983E+08,,1.957E+10,,8.922E-03,,7.678E+24,,9.611E+05,,1.383E+12,,1.074E+02,,4.432E+00,,1.780E-14,,r,,4.5
,,367,,3.976E+08,,1.987E+10,,9.057E-03,,7.678E+24,,9.654E+05,,1.411E+12,,1.091E+02,,4.421E+00,,1.897E-14,,r,,4.5
,,368,,3.970E+08,,2.017E+10,,9.194E-03,,7.678E+24,,9.697E+05,,1.440E+12,,1.109E+02,,4.410E+00,,2.022E-14,,r,,4.5
,,369,,3.964E+08,,2.048E+10,,9.333E-03,,7.678E+24,,9.740E+05,,1.469E+12,,1.126E+02,,4.400E+00,,2.154E-14,,r,,4.5
,,370,,3.958E+08,,2.080E+10,,9.474E-03,,7.678E+24,,9.784E+05,,1.499E+12,,1.144E+02,,4.389E+00,,2.295E-14,,r,,4.5
,,371,,3.951E+08,,2.111E+10,,9.616E-03,,7.678E+24,,9.827E+05,,1.530E+12,,1.162E+02,,4.378E+00,,2.445E-14,,r,,4.5
,,372,,3.945E+08,,2.143E+10,,9.761E-03,,7.678E+24,,9.871E+05,,1.561E+12,,1.181E+02,,4.368E+00,,2.604E-14,,r,,4.5
,,373,,3.939E+08,,2.176E+10,,9.907E-03,,7.678E+24,,9.915E+05,,1.592E+12,,1.199E+02,,4.357E+00,,2.773E-14,,r,,4.5
,,374,,3.933E+08,,2.209E+10,,1.005E-02,,7.678E+24,,9.959E+05,,1.625E+12,,1.218E+02,,4.347E+00,,2.952E-14,,r,,4.5
,,375,,3.870E+08,,2.565E+10,,1.160E-02,,7.678E+24,,1.042E+06,,1.992E+12,,1.429E+02,,4.237E+00,,5.599E-14,,r,,4.5
,,376,,3.807E+08,,2.972E+10,,1.335E-02,,7.678E+24,,1.089E+06,,2.438E+12,,1.672E+02,,4.135E+00,,1.039E-13,,r,,4.5
,,377,,3.744E+08,,3.436E+10,,1.532E-02,,7.678E+24,,1.139E+06,,2.977E+12,,1.953E+02,,4.037E+00,,1.905E-13,,r,,4.5
,,378,,3.682E+08,,3.964E+10,,1.755E-02,,7.678E+24,,1.189E+06,,3.626E+12,,2.277E+02,,3.942E+00,,3.444E-13,,r,,4.5
,,379,,3.619E+08,,4.566E+10,,2.006E-02,,7.678E+24,,1.242E+06,,4.406E+12,,2.650E+02,,3.851E+00,,6.150E-13,,r,,4.5
,,380,,3.556E+08,,5.249E+10,,2.287E-02,,7.678E+24,,1.296E+06,,5.344E+12,,3.079E+02,,3.762E+00,,1.085E-12,,r,,4.5
,,381,,3.493E+08,,6.024E+10,,2.603E-02,,7.678E+24,,1.352E+06,,6.470E+12,,3.573E+02,,3.675E+00,,1.893E-12,,r,,4.5
,,382,,3.431E+08,,6.902E+10,,2.955E-02,,7.678E+24,,1.411E+06,,7.818E+12,,4.140E+02,,3.591E+00,,3.267E-12,,r,,4.5
,,383,,3.368E+08,,7.896E+10,,3.348E-02,,7.678E+24,,1.471E+06,,9.433E+12,,4.790E+02,,3.510E+00,,5.582E-12,,r,,4.5
,,384,,3.305E+08,,9.018E+10,,3.786E-02,,7.678E+24,,1.533E+06,,1.136E+13,,5.536E+02,,3.430E+00,,9.448E-12,,r,,4.5
,,385,,3.243E+08,,1.029E+11,,4.272E-02,,7.678E+24,,1.598E+06,,1.367E+13,,6.390E+02,,3.352E+00,,1.585E-11,,r,,4.4
,,386,,3.180E+08,,1.171E+11,,4.811E-02,,7.678E+24,,1.665E+06,,1.643E+13,,7.368E+02,,3.276E+00,,2.637E-11,,r,,4.4
,,387,,3.117E+08,,1.332E+11,,5.408E-02,,7.678E+24,,1.734E+06,,1.971E+13,,8.487E+02,,3.202E+00,,4.351E-11,,r,,4.4
,,388,,3.054E+08,,1.513E+11,,6.068E-02,,7.678E+24,,1.806E+06,,2.362E+13,,9.767E+02,,3.129E+00,,7.125E-11,,r,,4.4
,,389,,2.992E+08,,1.717E+11,,6.795E-02,,7.678E+24,,1.881E+06,,2.828E+13,,1.123E+03,,3.057E+00,,1.158E-10,,r,,4.4
,,390,,2.929E+08,,1.945E+11,,7.596E-02,,7.678E+24,,1.959E+06,,3.383E+13,,1.290E+03,,2.987E+00,,1.869E-10,,r,,4.4
,,391,,2.866E+08,,2.202E+11,,8.476E-02,,7.678E+24,,2.039E+06,,4.042E+13,,1.480E+03,,2.917E+00,,2.997E-10,,r,,4.4
,,392,,2.804E+08,,2.489E+11,,9.442E-02,,7.678E+24,,2.123E+06,,4.824E+13,,1.697E+03,,2.849E+00,,4.773E-10,,r,,4.4
,,393,,2.741E+08,,2.810E+11,,1.050E-01,,7.678E+24,,2.210E+06,,5.753E+13,,1.944E+03,,2.781E+00,,7.554E-10,,r,,4.4
,,394,,2.678E+08,,3.169E+11,,1.165E-01,,7.678E+24,,2.300E+06,,6.853E+13,,2.225E+03,,2.715E+00,,1.188E-09,,r,,4.3
,,395,,2.615E+08,,3.570E+11,,1.291E-01,,7.678E+24,,2.394E+06,,8.156E+13,,2.544E+03,,2.649E+00,,1.858E-09,,r,,4.3
,,396,,2.553E+08,,4.016E+11,,1.428E-01,,7.677E+24,,2.491E+06,,9.696E+13,,2.907E+03,,2.583E+00,,2.887E-09,,r,,4.3
,,397,,2.490E+08,,4.514E+11,,1.577E-01,,7.677E+24,,2.593E+06,,1.152E+14,,3.317E+03,,2.518E+00,,4.461E-09,,r,,4.3
,,398,,2.427E+08,,5.067E+11,,1.738E-01,,7.677E+24,,2.698E+06,,1.366E+14,,3.782E+03,,2.453E+00,,6.852E-09,,r,,4.3
,,399,,2.365E+08,,5.680E+11,,1.912E-01,,7.677E+24,,2.807E+06,,1.619E+14,,4.307E+03,,2.389E+00,,1.046E-08,,r,,4.3
,,400,,2.302E+08,,6.360E+11,,2.100E-01,,7.677E+24,,2.920E+06,,1.916E+14,,4.899E+03,,2.324E+00,,1.589E-08,,r,,4.2
,,401,,2.239E+08,,7.112E+11,,2.302E-01,,7.677E+24,,3.038E+06,,2.264E+14,,5.565E+03,,2.260E+00,,2.398E-08,,r,,4.2
,,402,,2.176E+08,,7.941E+11,,2.518E-01,,7.676E+24,,3.160E+06,,2.671E+14,,6.313E+03,,2.196E+00,,3.597E-08,,r,,4.2
,,403,,2.114E+08,,8.854E+11,,2.749E-01,,7.675E+24,,3.287E+06,,3.147E+14,,7.150E+03,,2.132E+00,,5.363E-08,,r,,4.1
,,404,,2.051E+08,,9.856E+11,,2.995E-01,,7.673E+24,,3.419E+06,,3.701E+14,,8.084E+03,,2.068E+00,,7.946E-08,,r,,4.1
,,405,,1.988E+08,,1.095E+12,,3.255E-01,,7.671E+24,,3.555E+06,,4.343E+14,,9.123E+03,,2.004E+00,,1.170E-07,,r,,4.1
,,406,,1.925E+08,,1.215E+12,,3.531E-01,,7.667E+24,,3.697E+06,,5.086E+14,,1.028E+04,,1.940E+00,,1.710E-07,,r,,4.0
,,407,,1.863E+08,,1.346E+12,,3.820E-01,,7.661E+24,,3.843E+06,,5.942E+14,,1.155E+04,,1.875E+00,,2.483E-07,,r,,4.0
,,408,,1.800E+08,,1.487E+12,,4.123E-01,,7.652E+24,,3.995E+06,,6.924E+14,,1.295E+04,,1.810E+00,,3.579E-07,,r,,3.9
,,409,,1.737E+08,,1.640E+12,,4.439E-01,,7.638E+24,,4.151E+06,,8.045E+14,,1.447E+04,,1.746E+00,,5.119E-07,,r,,3.9
,,410,,1.675E+08,,1.804E+12,,4.766E-01,,7.618E+24,,4.312E+06,,9.317E+14,,1.614E+04,,1.681E+00,,7.264E-07,,r,,3.8
,,411,,1.612E+08,,1.980E+12,,5.103E-01,,7.589E+24,,4.478E+06,,1.075E+15,,1.793E+04,,1.617E+00,,1.022E-06,,r,,3.8
,,412,,1.549E+08,,2.168E+12,,5.448E-01,,7.548E+24,,4.649E+06,,1.237E+15,,1.987E+04,,1.552E+00,,1.425E-06,,r,,3.7
,,413,,1.486E+08,,2.367E+12,,5.798E-01,,7.489E+24,,4.824E+06,,1.416E+15,,2.193E+04,,1.488E+00,,1.969E-06,,r,,3.7
,,414,,1.424E+08,,2.577E+12,,6.151E-01,,7.408E+24,,5.003E+06,,1.615E+15,,2.411E+04,,1.425E+00,,2.694E-06,,r,,3.6
,,415,,1.361E+08,,2.797E+12,,6.505E-01,,7.297E+24,,5.186E+06,,1.833E+15,,2.640E+04,,1.363E+00,,3.646E-06,,r,,3.5
,,416,,1.298E+08,,3.028E+12,,6.855E-01,,7.149E+24,,5.372E+06,,2.071E+15,,2.879E+04,,1.302E+00,,4.882E-06,,r,,3.5
,,417,,1.236E+08,,3.267E+12,,7.200E-01,,6.956E+24,,5.560E+06,,2.327E+15,,3.126E+04,,1.242E+00,,6.460E-06,,r,,3.4
,,418,,1.173E+08,,3.514E+12,,7.536E-01,,6.709E+24,,5.749E+06,,2.600E+15,,3.378E+04,,1.185E+00,,8.444E-06,,r,,3.3
,,419,,1.110E+08,,3.769E+12,,7.859E-01,,6.400E+24,,5.938E+06,,2.888E+15,,3.633E+04,,1.130E+00,,1.089E-05,,r,,3.3
,,420,,1.047E+08,,4.029E+12,,8.166E-01,,6.023E+24,,6.126E+06,,3.189E+15,,3.889E+04,,1.077E+00,,1.386E-05,,r,,3.2
,,421,,9.847E+07,,4.294E+12,,8.455E-01,,5.576E+24,,6.311E+06,,3.499E+15,,4.141E+04,,1.028E+00,,1.739E-05,,r,,3.1
,,422,,9.220E+07,,4.562E+12,,8.723E-01,,5.060E+24,,6.492E+06,,3.814E+15,,4.388E+04,,9.814E-01,,2.149E-05,,r,,3.1
,,423,,8.593E+07,,4.833E+12,,8.968E-01,,4.482E+24,,6.666E+06,,4.129E+15,,4.626E+04,,9.386E-01,,2.613E-05,,r,,3.0
,,424,,7.965E+07,,5.106E+12,,9.188E-01,,3.857E+24,,6.833E+06,,4.438E+15,,4.852E+04,,8.994E-01,,3.126E-05,,r,,2.9
,,425,,7.338E+07,,5.380E+12,,9.382E-01,,3.203E+24,,6.989E+06,,4.736E+15,,5.062E+04,,8.640E-01,,3.675E-05,,r,,2.9
,,426,,6.711E+07,,5.655E+12,,9.549E-01,,2.546E+24,,7.132E+06,,5.014E+15,,5.251E+04,,8.324E-01,,4.243E-05,,r,,2.8
,,427,,6.084E+07,,5.928E+12,,9.690E-01,,1.914E+24,,7.261E+06,,5.265E+15,,5.417E+04,,8.047E-01,,4.806E-05,,r,,2.7
,,428,,5.457E+07,,6.201E+12,,9.805E-01,,1.335E+24,,7.373E+06,,5.480E+15,,5.553E+04,,7.807E-01,,5.332E-05,,r,,2.6
,,429,,4.829E+07,,6.472E+12,,9.896E-01,,8.341E+23,,7.463E+06,,5.647E+15,,5.653E+04,,7.609E-01,,5.782E-05,,c,,2.5
,,430,,4.202E+07,,6.740E+12,,9.964E-01,,4.313E+23,,7.522E+06,,5.752E+15,,5.706E+04,,7.437E-01,,6.119E-05,,c,,2.0
,,431,,3.575E+07,,7.004E+12,,1.001E+00,,1.358E+23,,7.543E+06,,5.772E+15,,5.703E+04,,7.326E-01,,6.253E-05,,c,,0.8
,,432,,2.948E+07,,7.263E+12,,1.004E+00,-5.503E+22,,7.507E+06,,5.667E+15,,5.613E+04,,7.272E-01,,6.096E-05,,c-13.1
,,433,,2.321E+07,,7.513E+12,,1.006E+00,-1.569E+23,,7.445E+06,,5.349E+15,,5.369E+04,,7.281E-01,,5.495E-05,,r,,9.7
,,434,,1.693E+07,,7.740E+12,,1.007E+00,-1.963E+23,,7.294E+06,,4.576E+15,,4.731E+04,,7.033E-01,,4.333E-05,,r,,7.7
,,435,,1.066E+07,,7.896E+12,,1.007E+00,-2.032E+23,,6.836E+06,,2.278E+15,,2.888E+04,,5.610E-01,,1.974E-05,,r,,9.7
,,436,,0.000E+00,,7.522E+14,,1.007E+00,-2.032E+23,-6.836E+06,,3.331E+16,-1.397E+06,-9.990E+01,,2.863E-05,,*-99.9
