                                             A ZAMS Stellar Model
                                             --------------------

                                             M    =     1.50000 solar
                                             L    =     9.10000 solar
                                             R    =     1.34714 solar
                                             Teff =  8644.60000 K
                                             X    =     0.70000
                                             Y    =     0.29200
                                             Z    =     0.00800



 zone      r         tau     1-M_r/Ms      L_r         T          P         rho        kap        eps    dlnPdlnT
    0  9.369E+08  0.000E+00  0.000E+00  3.493E+27  0.000E+00  0.000E+00  0.000E+00  0.000E+00  0.000E+00  r 99.9
    1  9.360E+08  3.926E-02  3.242E-14  3.493E+27  3.738E+03  5.187E-01  9.381E-09  8.934E+00  1.197-102  r  1.0
    2  9.360E+08  7.861E-02  6.317E-14  3.493E+27  1.011E+04  2.417E+00  1.753E-09  1.056E-01  5.625E-77  c  1.5
    3  9.351E+08  8.126E-02  1.252E-13  3.493E+27  1.649E+04  6.274E+00  3.258E-08  1.679E-01  1.254E-65  c  2.1
    4  9.341E+08  9.217E-02  2.689E-13  3.493E+27  1.968E+04  1.521E+01  6.608E-08  2.697E-01  2.547E-65  r 99.9
    5  9.332E+08  1.164E-01  5.849E-13  3.493E+27  1.968E+04  3.493E+01  1.326E-07  2.554E-01  9.274E-62  r 99.9
    6  9.323E+08  1.492E-01  7.953E-13  3.493E+27  1.969E+04  4.814E+01  1.377E-07  2.621E-01  9.641E-62  r 99.9
    7  9.313E+08  1.763E-01  1.129E-12  3.493E+27  1.969E+04  6.914E+01  1.023E-07  2.137E-01  7.217E-62  r 99.9
    8  9.304E+08  2.398E-01  1.731E-12  3.493E+27  1.970E+04  1.073E+02  2.688E-07  4.229E-01  1.930E-61  r 99.9
    9  9.295E+08  5.099E-01  3.118E-12  3.493E+27  1.973E+04  1.953E+02  6.008E-07  7.705E-01  4.605E-61  r 99.9
   10  9.285E+08  1.617E+00  6.231E-12  3.493E+27  1.986E+04  3.937E+02  1.348E-06  1.409E+00  1.352E-60  r 99.9
   11  9.276E+08  5.791E+00  1.310E-11  3.493E+27  2.034E+04  8.334E+02  2.934E-06  2.389E+00  7.909E-60  r 29.9
   12  9.266E+08  1.827E+01  2.747E-11  3.493E+27  2.168E+04  1.757E+03  5.913E-06  3.319E+00  2.207E-58  r 11.0
   13  9.257E+08  4.580E+01  5.478E-11  3.493E+27  2.409E+04  3.519E+03  1.071E-05  3.657E+00  2.692E-56  r  6.2
   14  9.248E+08  9.387E+01  1.018E-10  3.493E+27  2.715E+04  6.567E+03  1.773E-05  3.580E+00  4.276E-54  r  4.9
   15  9.238E+08  1.676E+02  1.770E-10  3.493E+27  3.048E+04  1.146E+04  2.757E-05  3.411E+00  4.213E-52  r  4.5
   16  9.229E+08  2.736E+02  2.908E-10  3.493E+27  3.392E+04  1.888E+04  4.088E-05  3.233E+00  2.447E-50  r  4.4
   17  9.220E+08  4.194E+02  4.556E-10  3.493E+27  3.740E+04  2.969E+04  5.834E-05  3.067E+00  8.955E-49  r  4.4
   18  9.210E+08  6.135E+02  6.865E-10  3.493E+27  4.091E+04  4.489E+04  8.071E-05  2.918E+00  2.223E-47  r  4.4
   19  9.201E+08  8.657E+02  1.001E-09  3.493E+27  4.444E+04  6.567E+04  1.088E-04  2.783E+00  3.992E-46  r  4.5
   20  9.191E+08  1.186E+03  1.418E-09  3.493E+27  4.798E+04  9.339E+04  1.434E-04  2.663E+00  5.458E-45  r  4.5
   21  9.182E+08  1.587E+03  1.962E-09  3.493E+27  5.153E+04  1.296E+05  1.854E-04  2.555E+00  5.925E-44  r  4.5
   22  9.173E+08  2.080E+03  2.658E-09  3.493E+27  5.508E+04  1.762E+05  2.359E-04  2.457E+00  5.280E-43  r  4.5
   23  9.163E+08  2.680E+03  3.535E-09  3.493E+27  5.865E+04  2.351E+05  2.957E-04  2.368E+00  3.968E-42  r  4.5
   24  9.154E+08  3.400E+03  4.624E-09  3.493E+27  6.223E+04  3.086E+05  3.660E-04  2.287E+00  2.571E-41  r  4.5
   25  9.145E+08  4.256E+03  5.962E-09  3.493E+27  6.582E+04  3.992E+05  4.478E-04  2.212E+00  1.463E-40  r  4.5
   26  9.135E+08  5.265E+03  7.586E-09  3.493E+27  6.941E+04  5.097E+05  5.423E-04  2.144E+00  7.422E-40  r  4.5
   27  9.126E+08  6.444E+03  9.540E-09  3.493E+27  7.301E+04  6.432E+05  6.507E-04  2.081E+00  3.401E-39  r  4.5
   28  9.117E+08  7.812E+03  1.187E-08  3.493E+27  7.663E+04  8.029E+05  7.743E-04  2.022E+00  1.423E-38  r  4.5
   29  9.107E+08  9.389E+03  1.463E-08  3.493E+27  8.025E+04  9.927E+05  9.143E-04  1.968E+00  5.484E-38  r  4.6
   30  9.098E+08  1.119E+04  1.786E-08  3.493E+27  8.388E+04  1.216E+06  1.072E-03  1.917E+00  1.964E-37  r  4.6
   31  9.088E+08  1.325E+04  2.163E-08  3.493E+27  8.752E+04  1.478E+06  1.249E-03  1.870E+00  6.576E-37  r  4.6
   32  9.079E+08  1.558E+04  2.601E-08  3.493E+27  9.116E+04  1.783E+06  1.447E-03  1.825E+00  2.073E-36  r  4.6
   33  9.070E+08  1.821E+04  3.105E-08  3.493E+27  9.482E+04  2.136E+06  1.667E-03  1.783E+00  6.179E-36  r  4.6
   34  9.060E+08  2.117E+04  3.683E-08  3.493E+27  9.848E+04  2.543E+06  1.911E-03  1.744E+00  1.751E-35  r  4.6
   35  9.051E+08  2.447E+04  4.343E-08  3.493E+27  1.022E+05  3.008E+06  2.180E-03  1.706E+00  4.734E-35  r  4.6
   36  9.042E+08  2.815E+04  5.092E-08  3.493E+27  1.058E+05  3.540E+06  2.476E-03  1.671E+00  1.226E-34  r  4.6
   37  9.032E+08  3.224E+04  5.940E-08  3.493E+27  1.095E+05  4.143E+06  2.801E-03  1.638E+00  3.051E-34  r  4.6
   38  9.023E+08  3.676E+04  6.894E-08  3.493E+27  1.132E+05  4.825E+06  3.156E-03  1.606E+00  7.317E-34  r  4.6
   39  9.013E+08  4.175E+04  7.966E-08  3.493E+27  1.169E+05  5.595E+06  3.544E-03  1.576E+00  1.695E-33  r  4.6
   40  9.004E+08  4.724E+04  9.165E-08  3.493E+27  1.206E+05  6.459E+06  3.965E-03  1.547E+00  3.805E-33  r  4.6
   41  8.995E+08  5.326E+04  1.050E-07  3.493E+27  1.244E+05  7.426E+06  4.424E-03  1.519E+00  8.288E-33  r  4.6
   42  8.985E+08  5.985E+04  1.199E-07  3.493E+27  1.281E+05  8.506E+06  4.920E-03  1.493E+00  1.756E-32  r  4.6
   43  8.976E+08  6.705E+04  1.363E-07  3.493E+27  1.318E+05  9.707E+06  5.456E-03  1.468E+00  3.623E-32  r  4.6
   44  8.967E+08  7.488E+04  1.545E-07  3.493E+27  1.356E+05  1.104E+07  6.035E-03  1.444E+00  7.295E-32  r  4.6
   45  8.957E+08  8.340E+04  1.746E-07  3.493E+27  1.393E+05  1.252E+07  6.658E-03  1.421E+00  1.435E-31  r  4.6
   46  8.948E+08  9.263E+04  1.967E-07  3.493E+27  1.431E+05  1.415E+07  7.328E-03  1.399E+00  2.764E-31  r  4.6
   47  8.938E+08  1.026E+05  2.209E-07  3.493E+27  1.469E+05  1.594E+07  8.047E-03  1.378E+00  5.212E-31  r  4.6
   48  8.929E+08  1.134E+05  2.473E-07  3.493E+27  1.507E+05  1.792E+07  8.817E-03  1.357E+00  9.643E-31  r  4.6
   49  8.920E+08  1.251E+05  2.763E-07  3.493E+27  1.545E+05  2.008E+07  9.641E-03  1.338E+00  1.752E-30  r  4.6
   50  8.910E+08  1.376E+05  3.078E-07  3.493E+27  1.583E+05  2.245E+07  1.052E-02  1.319E+00  3.127E-30  r  4.6
   51  8.901E+08  1.511E+05  3.421E-07  3.493E+27  1.621E+05  2.504E+07  1.146E-02  1.301E+00  5.491E-30  r  4.6
   52  8.892E+08  1.656E+05  3.794E-07  3.493E+27  1.659E+05  2.786E+07  1.246E-02  1.283E+00  9.493E-30  r  4.6
   53  8.882E+08  1.811E+05  4.197E-07  3.493E+27  1.697E+05  3.094E+07  1.352E-02  1.266E+00  1.617E-29  r  4.6
   54  8.873E+08  1.977E+05  4.634E-07  3.493E+27  1.736E+05  3.428E+07  1.465E-02  1.249E+00  2.715E-29  r  4.6
   55  8.864E+08  2.154E+05  5.107E-07  3.493E+27  1.774E+05  3.790E+07  1.585E-02  1.234E+00  4.499E-29  r  4.6
   56  8.854E+08  2.343E+05  5.616E-07  3.493E+27  1.813E+05  4.183E+07  1.712E-02  1.218E+00  7.360E-29  r  4.6
   57  8.845E+08  2.545E+05  6.165E-07  3.493E+27  1.851E+05  4.607E+07  1.847E-02  1.203E+00  1.189E-28  r  4.6
   58  8.835E+08  2.760E+05  6.755E-07  3.493E+27  1.890E+05  5.066E+07  1.989E-02  1.189E+00  1.899E-28  r  4.6
   59  8.826E+08  2.989E+05  7.388E-07  3.493E+27  1.929E+05  5.561E+07  2.140E-02  1.175E+00  3.000E-28  r  4.6
   60  8.817E+08  3.232E+05  8.068E-07  3.493E+27  1.967E+05  6.094E+07  2.299E-02  1.161E+00  4.687E-28  r  4.6
   61  8.807E+08  3.489E+05  8.797E-07  3.493E+27  2.006E+05  6.668E+07  2.467E-02  1.148E+00  7.249E-28  r  4.6
   62  8.798E+08  3.763E+05  9.576E-07  3.493E+27  2.045E+05  7.284E+07  2.643E-02  1.135E+00  1.110E-27  r  4.6
   63  8.789E+08  4.052E+05  1.041E-06  3.493E+27  2.085E+05  7.945E+07  2.829E-02  1.123E+00  1.684E-27  r  4.6
   64  8.779E+08  4.358E+05  1.130E-06  3.493E+27  2.124E+05  8.654E+07  3.025E-02  1.111E+00  2.532E-27  r  4.6
   65  8.770E+08  4.682E+05  1.225E-06  3.493E+27  2.163E+05  9.414E+07  3.231E-02  1.099E+00  3.773E-27  r  4.6
   66  8.760E+08  5.024E+05  1.326E-06  3.493E+27  2.203E+05  1.023E+08  3.447E-02  1.087E+00  5.576E-27  r  4.6
   67  8.751E+08  5.385E+05  1.433E-06  3.493E+27  2.242E+05  1.109E+08  3.674E-02  1.076E+00  8.175E-27  r  4.6
   68  8.742E+08  5.765E+05  1.547E-06  3.493E+27  2.282E+05  1.202E+08  3.912E-02  1.065E+00  1.189E-26  r  4.6
   69  8.732E+08  6.166E+05  1.669E-06  3.493E+27  2.321E+05  1.301E+08  4.162E-02  1.055E+00  1.717E-26  r  4.6
   70  8.723E+08  6.588E+05  1.797E-06  3.493E+27  2.361E+05  1.406E+08  4.423E-02  1.044E+00  2.462E-26  r  4.6
   71  8.714E+08  7.032E+05  1.934E-06  3.493E+27  2.401E+05  1.518E+08  4.697E-02  1.034E+00  3.505E-26  r  4.6
   72  8.704E+08  7.499E+05  2.078E-06  3.493E+27  2.441E+05  1.638E+08  4.983E-02  1.024E+00  4.956E-26  r  4.6
   73  8.695E+08  7.989E+05  2.231E-06  3.493E+27  2.481E+05  1.764E+08  5.283E-02  1.015E+00  6.963E-26  r  4.6
   74  8.686E+08  8.504E+05  2.393E-06  3.493E+27  2.521E+05  1.899E+08  5.596E-02  1.005E+00  9.723E-26  r  4.6
   75  8.676E+08  9.044E+05  2.564E-06  3.493E+27  2.561E+05  2.042E+08  5.922E-02  9.962E-01  1.349E-25  r  4.6
   76  8.667E+08  9.610E+05  2.744E-06  3.493E+27  2.602E+05  2.193E+08  6.263E-02  9.872E-01  1.862E-25  r  4.6
   77  8.657E+08  1.020E+06  2.934E-06  3.493E+27  2.642E+05  2.354E+08  6.619E-02  9.785E-01  2.555E-25  r  4.6
   78  8.648E+08  1.082E+06  3.135E-06  3.493E+27  2.682E+05  2.524E+08  6.990E-02  9.699E-01  3.486E-25  r  4.6
   79  8.639E+08  1.147E+06  3.346E-06  3.493E+27  2.723E+05  2.703E+08  7.377E-02  9.615E-01  4.732E-25  r  4.6
   80  8.629E+08  1.215E+06  3.569E-06  3.493E+27  2.764E+05  2.893E+08  7.779E-02  9.533E-01  6.390E-25  r  4.6
   81  8.620E+08  1.286E+06  3.803E-06  3.493E+27  2.804E+05  3.094E+08  8.198E-02  9.453E-01  8.587E-25  r  4.6
   82  8.611E+08  1.361E+06  4.049E-06  3.493E+27  2.845E+05  3.306E+08  8.635E-02  9.374E-01  1.148E-24  r  4.6
   83  8.601E+08  1.438E+06  4.307E-06  3.493E+27  2.886E+05  3.530E+08  9.088E-02  9.297E-01  1.528E-24  r  4.6
   84  8.592E+08  1.519E+06  4.578E-06  3.493E+27  2.927E+05  3.766E+08  9.560E-02  9.222E-01  2.025E-24  r  4.6
   85  8.582E+08  1.603E+06  4.863E-06  3.493E+27  2.968E+05  4.014E+08  1.005E-01  9.148E-01  2.672E-24  r  4.6
   86  8.573E+08  1.691E+06  5.161E-06  3.493E+27  3.010E+05  4.276E+08  1.056E-01  9.076E-01  3.510E-24  r  4.6
   87  8.564E+08  1.783E+06  5.474E-06  3.493E+27  3.051E+05  4.552E+08  1.109E-01  9.005E-01  4.591E-24  r  4.6
   88  8.554E+08  1.879E+06  5.802E-06  3.493E+27  3.092E+05  4.842E+08  1.164E-01  8.935E-01  5.982E-24  r  4.6
   89  8.545E+08  1.978E+06  6.145E-06  3.493E+27  3.134E+05  5.146E+08  1.221E-01  8.867E-01  7.763E-24  r  4.6
   90  8.536E+08  2.081E+06  6.504E-06  3.493E+27  3.176E+05  5.467E+08  1.280E-01  8.800E-01  1.004E-23  r  4.6
   91  8.526E+08  2.189E+06  6.879E-06  3.493E+27  3.217E+05  5.803E+08  1.341E-01  8.734E-01  1.293E-23  r  4.6
   92  8.517E+08  2.301E+06  7.272E-06  3.493E+27  3.259E+05  6.157E+08  1.404E-01  8.670E-01  1.659E-23  r  4.6
   93  8.507E+08  2.417E+06  7.682E-06  3.493E+27  3.301E+05  6.527E+08  1.470E-01  8.607E-01  2.122E-23  r  4.6
   94  8.498E+08  2.538E+06  8.110E-06  3.493E+27  3.343E+05  6.916E+08  1.538E-01  8.544E-01  2.704E-23  r  4.6
   95  8.489E+08  2.664E+06  8.557E-06  3.493E+27  3.385E+05  7.324E+08  1.609E-01  8.483E-01  3.435E-23  r  4.6
   96  8.479E+08  2.794E+06  9.023E-06  3.493E+27  3.427E+05  7.751E+08  1.682E-01  8.423E-01  4.349E-23  r  4.6
   97  8.470E+08  2.929E+06  9.509E-06  3.493E+27  3.470E+05  8.199E+08  1.757E-01  8.364E-01  5.489E-23  r  4.6
   98  8.461E+08  3.069E+06  1.002E-05  3.493E+27  3.512E+05  8.667E+08  1.835E-01  8.306E-01  6.907E-23  r  4.6
   99  8.451E+08  3.215E+06  1.054E-05  3.493E+27  3.554E+05  9.158E+08  1.916E-01  8.250E-01  8.665E-23  r  4.6
  100  8.442E+08  3.366E+06  1.109E-05  3.493E+27  3.597E+05  9.670E+08  1.999E-01  8.194E-01  1.084E-22  r  4.6
  101  8.433E+08  3.522E+06  1.167E-05  3.493E+27  3.640E+05  1.021E+09  2.085E-01  8.138E-01  1.352E-22  r  4.6
  102  8.423E+08  3.684E+06  1.226E-05  3.493E+27  3.682E+05  1.077E+09  2.174E-01  8.084E-01  1.681E-22  r  4.6
  103  8.414E+08  3.851E+06  1.288E-05  3.493E+27  3.725E+05  1.135E+09  2.266E-01  8.031E-01  2.085E-22  r  4.6
  104  8.404E+08  4.025E+06  1.352E-05  3.493E+27  3.768E+05  1.196E+09  2.361E-01  7.979E-01  2.579E-22  r  4.6
  105  8.395E+08  4.204E+06  1.419E-05  3.493E+27  3.811E+05  1.260E+09  2.459E-01  7.927E-01  3.182E-22  r  4.6
  106  8.386E+08  4.390E+06  1.489E-05  3.493E+27  3.855E+05  1.327E+09  2.560E-01  7.876E-01  3.917E-22  r  4.6
  107  8.376E+08  4.582E+06  1.561E-05  3.493E+27  3.898E+05  1.396E+09  2.665E-01  7.826E-01  4.808E-22  r  4.6
  108  8.367E+08  4.781E+06  1.636E-05  3.493E+27  3.941E+05  1.469E+09  2.772E-01  7.777E-01  5.888E-22  r  4.6
  109  8.358E+08  4.986E+06  1.714E-05  3.493E+27  3.985E+05  1.545E+09  2.883E-01  7.729E-01  7.194E-22  r  4.6
  110  8.348E+08  5.199E+06  1.795E-05  3.493E+27  4.028E+05  1.623E+09  2.997E-01  7.681E-01  8.768E-22  r  4.6
  111  8.339E+08  5.418E+06  1.879E-05  3.493E+27  4.072E+05  1.705E+09  3.115E-01  7.634E-01  1.066E-21  r  4.6
  112  8.329E+08  5.644E+06  1.965E-05  3.493E+27  4.116E+05  1.791E+09  3.237E-01  7.588E-01  1.294E-21  r  4.6
  113  8.320E+08  5.878E+06  2.055E-05  3.493E+27  4.160E+05  1.880E+09  3.362E-01  7.542E-01  1.567E-21  r  4.6
  114  8.311E+08  6.120E+06  2.149E-05  3.493E+27  4.204E+05  1.973E+09  3.491E-01  7.497E-01  1.893E-21  r  4.6
  115  8.301E+08  6.369E+06  2.245E-05  3.493E+27  4.248E+05  2.069E+09  3.623E-01  7.453E-01  2.282E-21  r  4.6
  116  8.292E+08  6.626E+06  2.345E-05  3.493E+27  4.292E+05  2.169E+09  3.760E-01  7.409E-01  2.746E-21  r  4.6
  117  8.283E+08  6.891E+06  2.449E-05  3.493E+27  4.336E+05  2.273E+09  3.900E-01  7.366E-01  3.298E-21  r  4.6
  118  8.273E+08  7.164E+06  2.556E-05  3.493E+27  4.381E+05  2.382E+09  4.045E-01  7.324E-01  3.952E-21  r  4.6
  119  8.264E+08  7.446E+06  2.667E-05  3.493E+27  4.425E+05  2.494E+09  4.194E-01  7.282E-01  4.728E-21  r  4.6
  120  8.255E+08  7.737E+06  2.782E-05  3.493E+27  4.470E+05  2.612E+09  4.347E-01  7.241E-01  5.645E-21  r  4.6
  121  8.245E+08  8.036E+06  2.900E-05  3.493E+27  4.514E+05  2.733E+09  4.504E-01  7.200E-01  6.727E-21  r  4.6
  122  8.236E+08  8.344E+06  3.023E-05  3.493E+27  4.559E+05  2.859E+09  4.666E-01  7.160E-01  8.002E-21  r  4.6
  123  8.226E+08  8.662E+06  3.150E-05  3.493E+27  4.604E+05  2.990E+09  4.832E-01  7.120E-01  9.503E-21  r  4.6
  124  8.217E+08  8.989E+06  3.280E-05  3.493E+27  4.649E+05  3.126E+09  5.003E-01  7.081E-01  1.127E-20  r  4.6
  125  8.208E+08  9.326E+06  3.416E-05  3.493E+27  4.694E+05  3.268E+09  5.179E-01  7.043E-01  1.333E-20  r  4.6
  126  8.198E+08  9.673E+06  3.555E-05  3.493E+27  4.739E+05  3.414E+09  5.360E-01  7.005E-01  1.575E-20  r  4.6
  127  8.189E+08  1.003E+07  3.699E-05  3.493E+27  4.785E+05  3.566E+09  5.545E-01  6.967E-01  1.858E-20  r  4.6
  128  8.180E+08  1.040E+07  3.848E-05  3.493E+27  4.830E+05  3.723E+09  5.736E-01  6.930E-01  2.188E-20  r  4.6
  129  8.170E+08  1.077E+07  4.001E-05  3.493E+27  4.876E+05  3.886E+09  5.931E-01  6.893E-01  2.572E-20  r  4.6
  130  8.161E+08  1.116E+07  4.160E-05  3.493E+27  4.921E+05  4.055E+09  6.132E-01  6.857E-01  3.020E-20  r  4.6
  131  8.151E+08  1.156E+07  4.323E-05  3.493E+27  4.967E+05  4.231E+09  6.338E-01  6.822E-01  3.540E-20  r  4.6
  132  8.142E+08  1.197E+07  4.491E-05  3.493E+27  5.013E+05  4.412E+09  6.550E-01  6.786E-01  4.143E-20  r  4.6
  133  8.133E+08  1.240E+07  4.665E-05  3.493E+27  5.059E+05  4.600E+09  6.767E-01  6.752E-01  4.843E-20  r  4.6
  134  8.123E+08  1.283E+07  4.844E-05  3.493E+27  5.105E+05  4.795E+09  6.989E-01  6.717E-01  5.651E-20  r  4.6
  135  8.114E+08  1.328E+07  5.028E-05  3.493E+27  5.151E+05  4.996E+09  7.218E-01  6.683E-01  6.586E-20  r  4.6
  136  8.105E+08  1.373E+07  5.218E-05  3.493E+27  5.198E+05  5.205E+09  7.452E-01  6.650E-01  7.665E-20  r  4.6
  137  8.095E+08  1.420E+07  5.414E-05  3.493E+27  5.244E+05  5.421E+09  7.693E-01  6.616E-01  8.908E-20  r  4.6
  138  8.086E+08  1.469E+07  5.615E-05  3.493E+27  5.291E+05  5.644E+09  7.939E-01  6.584E-01  1.034E-19  r  4.6
  139  8.076E+08  1.518E+07  5.822E-05  3.493E+27  5.337E+05  5.875E+09  8.192E-01  6.551E-01  1.199E-19  r  4.6
  140  8.067E+08  1.569E+07  6.036E-05  3.493E+27  5.384E+05  6.114E+09  8.451E-01  6.519E-01  1.387E-19  r  4.6
  141  8.058E+08  1.622E+07  6.256E-05  3.493E+27  5.431E+05  6.360E+09  8.716E-01  6.488E-01  1.604E-19  r  4.6
  142  8.048E+08  1.675E+07  6.482E-05  3.493E+27  5.478E+05  6.616E+09  8.988E-01  6.456E-01  1.852E-19  r  4.6
  143  8.039E+08  1.730E+07  6.714E-05  3.493E+27  5.525E+05  6.879E+09  9.267E-01  6.426E-01  2.136E-19  r  4.6
  144  8.030E+08  1.787E+07  6.953E-05  3.493E+27  5.572E+05  7.152E+09  9.553E-01  6.395E-01  2.461E-19  r  4.6
  145  8.020E+08  1.845E+07  7.199E-05  3.493E+27  5.620E+05  7.434E+09  9.846E-01  6.365E-01  2.831E-19  r  4.6
  146  8.011E+08  1.904E+07  7.452E-05  3.493E+27  5.667E+05  7.724E+09  1.015E+00  6.335E-01  3.254E-19  r  4.6
  147  8.002E+08  1.965E+07  7.712E-05  3.493E+27  5.715E+05  8.025E+09  1.045E+00  6.305E-01  3.735E-19  r  4.6
  148  7.992E+08  2.028E+07  7.979E-05  3.493E+27  5.762E+05  8.335E+09  1.077E+00  6.276E-01  4.283E-19  r  4.6
  149  7.983E+08  2.092E+07  8.253E-05  3.493E+27  5.810E+05  8.655E+09  1.109E+00  6.247E-01  4.905E-19  r  4.6
  150  7.973E+08  2.158E+07  8.535E-05  3.493E+27  5.858E+05  8.986E+09  1.142E+00  6.219E-01  5.612E-19  r  4.6
  151  7.964E+08  2.225E+07  8.825E-05  3.493E+27  5.906E+05  9.327E+09  1.176E+00  6.190E-01  6.413E-19  r  4.6
  152  7.955E+08  2.294E+07  9.122E-05  3.493E+27  5.954E+05  9.679E+09  1.210E+00  6.162E-01  7.321E-19  r  4.6
  153  7.945E+08  2.365E+07  9.428E-05  3.493E+27  6.002E+05  1.004E+10  1.245E+00  6.135E-01  8.350E-19  r  4.6
  154  7.936E+08  2.437E+07  9.742E-05  3.493E+27  6.051E+05  1.042E+10  1.282E+00  6.107E-01  9.513E-19  r  4.6
  155  7.927E+08  2.511E+07  1.006E-04  3.493E+27  6.099E+05  1.080E+10  1.319E+00  6.080E-01  1.083E-18  r  4.6
  156  7.917E+08  2.588E+07  1.039E-04  3.493E+27  6.148E+05  1.120E+10  1.356E+00  6.053E-01  1.231E-18  r  4.6
  157  7.908E+08  2.665E+07  1.073E-04  3.493E+27  6.197E+05  1.161E+10  1.395E+00  6.027E-01  1.398E-18  r  4.6
  158  7.898E+08  2.745E+07  1.108E-04  3.493E+27  6.245E+05  1.204E+10  1.435E+00  6.000E-01  1.587E-18  r  4.6
  159  7.889E+08  2.827E+07  1.144E-04  3.493E+27  6.294E+05  1.247E+10  1.475E+00  5.974E-01  1.799E-18  r  4.6
  160  7.880E+08  2.910E+07  1.180E-04  3.493E+27  6.344E+05  1.292E+10  1.517E+00  5.949E-01  2.037E-18  r  4.6
  161  7.870E+08  2.996E+07  1.218E-04  3.493E+27  6.393E+05  1.339E+10  1.559E+00  5.923E-01  2.306E-18  r  4.6
  162  7.861E+08  3.083E+07  1.256E-04  3.493E+27  6.442E+05  1.386E+10  1.602E+00  5.898E-01  2.607E-18  r  4.6
  163  7.852E+08  3.173E+07  1.296E-04  3.493E+27  6.491E+05  1.436E+10  1.646E+00  5.873E-01  2.944E-18  r  4.6
  164  7.842E+08  3.265E+07  1.336E-04  3.493E+27  6.541E+05  1.486E+10  1.692E+00  5.848E-01  3.323E-18  r  4.6
  165  7.833E+08  3.358E+07  1.378E-04  3.493E+27  6.591E+05  1.538E+10  1.738E+00  5.824E-01  3.747E-18  r  4.6
  166  7.824E+08  3.454E+07  1.420E-04  3.493E+27  6.641E+05  1.592E+10  1.785E+00  5.799E-01  4.221E-18  r  4.6
  167  7.814E+08  3.552E+07  1.464E-04  3.493E+27  6.690E+05  1.647E+10  1.833E+00  5.775E-01  4.752E-18  r  4.6
  168  7.805E+08  3.653E+07  1.508E-04  3.493E+27  6.741E+05  1.704E+10  1.883E+00  5.751E-01  5.344E-18  r  4.6
  169  7.795E+08  3.755E+07  1.554E-04  3.493E+27  6.791E+05  1.763E+10  1.933E+00  5.728E-01  6.006E-18  r  4.6
  170  7.786E+08  3.860E+07  1.601E-04  3.493E+27  6.841E+05  1.823E+10  1.985E+00  5.704E-01  6.744E-18  r  4.6
  171  7.777E+08  3.967E+07  1.649E-04  3.493E+27  6.891E+05  1.886E+10  2.037E+00  5.681E-01  7.567E-18  r  4.6
  172  7.767E+08  4.077E+07  1.698E-04  3.493E+27  6.942E+05  1.949E+10  2.091E+00  5.658E-01  8.483E-18  r  4.6
  173  7.758E+08  4.189E+07  1.748E-04  3.493E+27  6.993E+05  2.015E+10  2.146E+00  5.636E-01  9.503E-18  r  4.6
  174  7.749E+08  4.304E+07  1.800E-04  3.493E+27  7.043E+05  2.083E+10  2.202E+00  5.613E-01  1.064E-17  r  4.6
  175  7.739E+08  4.421E+07  1.852E-04  3.493E+27  7.094E+05  2.152E+10  2.259E+00  5.591E-01  1.190E-17  r  4.6
  176  7.730E+08  4.540E+07  1.906E-04  3.493E+27  7.145E+05  2.224E+10  2.317E+00  5.569E-01  1.330E-17  r  4.6
  177  7.720E+08  4.663E+07  1.961E-04  3.493E+27  7.197E+05  2.297E+10  2.377E+00  5.547E-01  1.485E-17  r  4.6
  178  7.711E+08  4.787E+07  2.018E-04  3.493E+27  7.248E+05  2.373E+10  2.438E+00  5.525E-01  1.658E-17  r  4.6
  179  7.702E+08  4.915E+07  2.075E-04  3.493E+27  7.299E+05  2.451E+10  2.500E+00  5.504E-01  1.849E-17  r  4.6
  180  7.692E+08  5.045E+07  2.135E-04  3.493E+27  7.351E+05  2.531E+10  2.564E+00  5.482E-01  2.061E-17  r  4.6
  181  7.683E+08  5.178E+07  2.195E-04  3.493E+27  7.403E+05  2.613E+10  2.628E+00  5.461E-01  2.295E-17  r  4.6
  182  7.674E+08  5.314E+07  2.257E-04  3.493E+27  7.454E+05  2.697E+10  2.694E+00  5.440E-01  2.554E-17  r  4.6
  183  7.664E+08  5.453E+07  2.320E-04  3.493E+27  7.506E+05  2.784E+10  2.762E+00  5.419E-01  2.841E-17  r  4.6
  184  7.655E+08  5.595E+07  2.384E-04  3.493E+27  7.558E+05  2.873E+10  2.831E+00  5.399E-01  3.158E-17  r  4.6
  185  7.646E+08  5.739E+07  2.450E-04  3.493E+27  7.611E+05  2.964E+10  2.901E+00  5.378E-01  3.507E-17  r  4.6
  186  7.636E+08  5.887E+07  2.518E-04  3.493E+27  7.663E+05  3.058E+10  2.972E+00  5.358E-01  3.893E-17  r  4.6
  187  7.627E+08  6.038E+07  2.587E-04  3.493E+27  7.715E+05  3.155E+10  3.045E+00  5.338E-01  4.319E-17  r  4.6
  188  7.617E+08  6.192E+07  2.657E-04  3.493E+27  7.768E+05  3.254E+10  3.120E+00  5.318E-01  4.788E-17  r  4.6
  189  7.608E+08  6.349E+07  2.729E-04  3.493E+27  7.821E+05  3.356E+10  3.196E+00  5.298E-01  5.304E-17  r  4.6
  190  7.599E+08  6.509E+07  2.803E-04  3.493E+27  7.874E+05  3.461E+10  3.273E+00  5.279E-01  5.873E-17  r  4.6
  191  7.589E+08  6.673E+07  2.878E-04  3.493E+27  7.927E+05  3.568E+10  3.352E+00  5.259E-01  6.498E-17  r  4.6
  192  7.580E+08  6.840E+07  2.955E-04  3.493E+27  7.980E+05  3.678E+10  3.433E+00  5.240E-01  7.186E-17  r  4.6
  193  7.571E+08  7.010E+07  3.034E-04  3.493E+27  8.033E+05  3.792E+10  3.515E+00  5.221E-01  7.942E-17  r  4.6
  194  7.561E+08  7.184E+07  3.114E-04  3.493E+27  8.086E+05  3.908E+10  3.599E+00  5.202E-01  8.773E-17  r  4.6
  195  7.552E+08  7.361E+07  3.196E-04  3.493E+27  8.140E+05  4.027E+10  3.685E+00  5.183E-01  9.684E-17  r  4.6
  196  7.542E+08  7.542E+07  3.279E-04  3.493E+27  8.194E+05  4.149E+10  3.772E+00  5.165E-01  1.068E-16  r  4.6
  197  7.533E+08  7.726E+07  3.364E-04  3.493E+27  8.247E+05  4.275E+10  3.861E+00  5.146E-01  1.178E-16  r  4.6
  198  7.524E+08  7.914E+07  3.452E-04  3.493E+27  8.301E+05  4.404E+10  3.951E+00  5.128E-01  1.298E-16  r  4.6
  199  7.514E+08  8.106E+07  3.541E-04  3.493E+27  8.356E+05  4.536E+10  4.043E+00  5.110E-01  1.430E-16  r  4.6
  200  7.505E+08  8.301E+07  3.631E-04  3.493E+27  8.410E+05  4.671E+10  4.137E+00  5.092E-01  1.574E-16  r  4.6
  201  7.496E+08  8.500E+07  3.724E-04  3.493E+27  8.464E+05  4.811E+10  4.233E+00  5.074E-01  1.732E-16  r  4.6
  202  7.486E+08  8.704E+07  3.819E-04  3.493E+27  8.519E+05  4.953E+10  4.331E+00  5.056E-01  1.904E-16  r  4.6
  203  7.477E+08  8.911E+07  3.915E-04  3.493E+27  8.573E+05  5.099E+10  4.430E+00  5.038E-01  2.093E-16  r  4.6
  204  7.467E+08  9.122E+07  4.014E-04  3.493E+27  8.628E+05  5.250E+10  4.532E+00  5.021E-01  2.299E-16  r  4.6
  205  7.458E+08  9.337E+07  4.114E-04  3.493E+27  8.683E+05  5.403E+10  4.635E+00  5.004E-01  2.524E-16  r  4.6
  206  7.449E+08  9.557E+07  4.217E-04  3.493E+27  8.738E+05  5.561E+10  4.741E+00  4.986E-01  2.770E-16  r  4.6
  207  7.439E+08  9.780E+07  4.321E-04  3.493E+27  8.793E+05  5.723E+10  4.848E+00  4.969E-01  3.038E-16  r  4.6
  208  7.430E+08  1.001E+08  4.428E-04  3.493E+27  8.849E+05  5.889E+10  4.957E+00  4.952E-01  3.331E-16  r  4.6
  209  7.421E+08  1.024E+08  4.537E-04  3.493E+27  8.904E+05  6.059E+10  5.068E+00  4.936E-01  3.649E-16  r  4.6
  210  7.411E+08  1.048E+08  4.648E-04  3.493E+27  8.960E+05  6.233E+10  5.182E+00  4.919E-01  3.997E-16  r  4.6
  211  7.402E+08  1.072E+08  4.761E-04  3.493E+27  9.015E+05  6.411E+10  5.297E+00  4.902E-01  4.375E-16  r  4.6
  212  7.393E+08  1.096E+08  4.876E-04  3.493E+27  9.071E+05  6.594E+10  5.415E+00  4.886E-01  4.787E-16  r  4.5
  213  7.383E+08  1.121E+08  4.994E-04  3.493E+27  9.127E+05  6.782E+10  5.535E+00  4.869E-01  5.235E-16  r  4.5
  214  7.374E+08  1.147E+08  5.114E-04  3.493E+27  9.184E+05  6.974E+10  5.657E+00  4.853E-01  5.722E-16  r  4.5
  215  7.364E+08  1.173E+08  5.236E-04  3.493E+27  9.240E+05  7.171E+10  5.781E+00  4.837E-01  6.252E-16  r  4.5
  216  7.355E+08  1.199E+08  5.360E-04  3.493E+27  9.297E+05  7.372E+10  5.908E+00  4.821E-01  6.828E-16  r  4.5
  217  7.346E+08  1.226E+08  5.487E-04  3.493E+27  9.353E+05  7.579E+10  6.036E+00  4.805E-01  7.454E-16  r  4.5
  218  7.336E+08  1.254E+08  5.617E-04  3.493E+27  9.410E+05  7.791E+10  6.168E+00  4.789E-01  8.133E-16  r  4.5
  219  7.327E+08  1.282E+08  5.749E-04  3.493E+27  9.467E+05  8.007E+10  6.301E+00  4.774E-01  8.870E-16  r  4.5
  220  7.318E+08  1.310E+08  5.883E-04  3.493E+27  9.524E+05  8.229E+10  6.437E+00  4.758E-01  9.670E-16  r  4.5
  221  7.308E+08  1.339E+08  6.020E-04  3.493E+27  9.581E+05  8.457E+10  6.575E+00  4.743E-01  1.054E-15  r  4.5
  222  7.299E+08  1.368E+08  6.160E-04  3.493E+27  9.639E+05  8.690E+10  6.716E+00  4.727E-01  1.148E-15  r  4.5
  223  7.289E+08  1.398E+08  6.302E-04  3.493E+27  9.696E+05  8.928E+10  6.860E+00  4.712E-01  1.250E-15  r  4.5
  224  7.280E+08  1.429E+08  6.447E-04  3.493E+27  9.754E+05  9.172E+10  7.006E+00  4.697E-01  1.360E-15  r  4.5
  225  7.271E+08  1.460E+08  6.594E-04  3.493E+27  9.812E+05  9.422E+10  7.154E+00  4.682E-01  1.480E-15  r  4.5
  226  7.261E+08  1.492E+08  6.744E-04  3.493E+27  9.870E+05  9.678E+10  7.306E+00  4.667E-01  1.609E-15  r  4.5
  227  7.252E+08  1.524E+08  6.897E-04  3.493E+27  9.928E+05  9.940E+10  7.459E+00  4.652E-01  1.749E-15  r  4.5
  228  7.243E+08  1.557E+08  7.053E-04  3.493E+27  9.986E+05  1.021E+11  7.616E+00  4.638E-01  1.900E-15  r  4.5
  229  7.233E+08  1.590E+08  7.212E-04  3.493E+27  1.004E+06  1.048E+11  7.775E+00  4.623E-01  2.064E-15  r  4.5
  230  7.224E+08  1.624E+08  7.373E-04  3.493E+27  1.010E+06  1.076E+11  7.938E+00  4.609E-01  2.241E-15  r  4.5
  231  7.215E+08  1.659E+08  7.538E-04  3.493E+27  1.016E+06  1.105E+11  8.103E+00  4.594E-01  2.432E-15  r  4.5
  232  7.205E+08  1.694E+08  7.705E-04  3.493E+27  1.022E+06  1.135E+11  8.270E+00  4.580E-01  2.638E-15  r  4.5
  233  7.196E+08  1.730E+08  7.876E-04  3.493E+27  1.028E+06  1.165E+11  8.441E+00  4.566E-01  2.861E-15  r  4.5
  234  7.186E+08  1.766E+08  8.049E-04  3.493E+27  1.034E+06  1.196E+11  8.615E+00  4.552E-01  3.101E-15  r  4.5
  235  7.177E+08  1.803E+08  8.226E-04  3.493E+27  1.040E+06  1.227E+11  8.792E+00  4.538E-01  3.361E-15  r  4.5
  236  7.168E+08  1.841E+08  8.406E-04  3.493E+27  1.046E+06  1.259E+11  8.972E+00  4.524E-01  3.641E-15  r  4.5
  237  7.158E+08  1.879E+08  8.589E-04  3.493E+27  1.052E+06  1.292E+11  9.155E+00  4.510E-01  3.942E-15  r  4.5
  238  7.149E+08  1.918E+08  8.775E-04  3.493E+27  1.058E+06  1.326E+11  9.341E+00  4.496E-01  4.267E-15  r  4.5
  239  7.140E+08  1.958E+08  8.965E-04  3.493E+27  1.064E+06  1.361E+11  9.530E+00  4.482E-01  4.618E-15  r  4.5
  240  7.130E+08  1.998E+08  9.158E-04  3.493E+27  1.070E+06  1.396E+11  9.723E+00  4.469E-01  4.995E-15  r  4.5
  241  7.121E+08  2.039E+08  9.354E-04  3.493E+27  1.076E+06  1.432E+11  9.918E+00  4.455E-01  5.401E-15  r  4.5
  242  7.111E+08  2.081E+08  9.554E-04  3.493E+27  1.082E+06  1.469E+11  1.012E+01  4.442E-01  5.838E-15  r  4.5
  243  7.102E+08  2.124E+08  9.757E-04  3.493E+27  1.088E+06  1.507E+11  1.032E+01  4.428E-01  6.308E-15  r  4.5
  244  7.093E+08  2.167E+08  9.963E-04  3.493E+27  1.094E+06  1.546E+11  1.053E+01  4.415E-01  6.814E-15  r  4.5
  245  7.083E+08  2.211E+08  1.017E-03  3.493E+27  1.100E+06  1.585E+11  1.074E+01  4.402E-01  7.358E-15  r  4.5
  246  7.074E+08  2.255E+08  1.039E-03  3.493E+27  1.106E+06  1.626E+11  1.095E+01  4.389E-01  7.943E-15  r  4.5
  247  7.065E+08  2.301E+08  1.060E-03  3.493E+27  1.112E+06  1.667E+11  1.117E+01  4.376E-01  8.572E-15  r  4.5
  248  7.055E+08  2.347E+08  1.083E-03  3.493E+27  1.119E+06  1.709E+11  1.139E+01  4.363E-01  9.247E-15  r  4.5
  249  7.046E+08  2.394E+08  1.105E-03  3.493E+27  1.125E+06  1.752E+11  1.161E+01  4.350E-01  9.972E-15  r  4.5
  250  7.036E+08  2.442E+08  1.128E-03  3.493E+27  1.131E+06  1.797E+11  1.184E+01  4.337E-01  1.075E-14  r  4.5
  251  7.027E+08  2.490E+08  1.151E-03  3.493E+27  1.137E+06  1.842E+11  1.207E+01  4.325E-01  1.159E-14  r  4.5
  252  7.018E+08  2.539E+08  1.175E-03  3.493E+27  1.143E+06  1.888E+11  1.230E+01  4.312E-01  1.248E-14  r  4.5
  253  7.008E+08  2.589E+08  1.199E-03  3.493E+27  1.150E+06  1.935E+11  1.254E+01  4.300E-01  1.345E-14  r  4.5
  254  6.999E+08  2.640E+08  1.223E-03  3.493E+27  1.156E+06  1.983E+11  1.279E+01  4.287E-01  1.448E-14  r  4.5
  255  6.990E+08  2.692E+08  1.248E-03  3.493E+27  1.162E+06  2.033E+11  1.303E+01  4.275E-01  1.558E-14  r  4.5
  256  6.980E+08  2.745E+08  1.273E-03  3.493E+27  1.168E+06  2.083E+11  1.329E+01  4.262E-01  1.677E-14  r  4.5
  257  6.971E+08  2.798E+08  1.299E-03  3.493E+27  1.175E+06  2.134E+11  1.354E+01  4.250E-01  1.804E-14  r  4.5
  258  6.962E+08  2.853E+08  1.325E-03  3.493E+27  1.181E+06  2.187E+11  1.380E+01  4.238E-01  1.940E-14  r  4.5
  259  6.952E+08  2.908E+08  1.352E-03  3.493E+27  1.187E+06  2.241E+11  1.406E+01  4.226E-01  2.086E-14  r  4.5
  260  6.943E+08  2.964E+08  1.379E-03  3.493E+27  1.194E+06  2.296E+11  1.433E+01  4.214E-01  2.242E-14  r  4.5
  261  6.933E+08  3.021E+08  1.406E-03  3.493E+27  1.200E+06  2.352E+11  1.460E+01  4.202E-01  2.409E-14  r  4.5
  262  6.924E+08  3.079E+08  1.434E-03  3.493E+27  1.206E+06  2.409E+11  1.488E+01  4.190E-01  2.587E-14  r  4.5
  263  6.915E+08  3.138E+08  1.462E-03  3.493E+27  1.213E+06  2.468E+11  1.516E+01  4.178E-01  2.779E-14  r  4.5
  264  6.905E+08  3.198E+08  1.491E-03  3.493E+27  1.219E+06  2.528E+11  1.545E+01  4.167E-01  2.983E-14  r  4.5
  265  6.896E+08  3.259E+08  1.520E-03  3.493E+27  1.226E+06  2.589E+11  1.574E+01  4.155E-01  3.202E-14  r  4.5
  266  6.887E+08  3.320E+08  1.550E-03  3.493E+27  1.232E+06  2.651E+11  1.604E+01  4.143E-01  3.435E-14  r  4.5
  267  6.877E+08  3.383E+08  1.580E-03  3.493E+27  1.239E+06  2.715E+11  1.634E+01  4.132E-01  3.685E-14  r  4.5
  268  6.868E+08  3.447E+08  1.611E-03  3.493E+27  1.245E+06  2.780E+11  1.664E+01  4.120E-01  3.952E-14  r  4.5
  269  6.858E+08  3.512E+08  1.642E-03  3.493E+27  1.252E+06  2.847E+11  1.695E+01  4.109E-01  4.237E-14  r  4.5
  270  6.849E+08  3.577E+08  1.674E-03  3.493E+27  1.258E+06  2.915E+11  1.727E+01  4.098E-01  4.541E-14  r  4.5
  271  6.840E+08  3.644E+08  1.706E-03  3.493E+27  1.265E+06  2.985E+11  1.759E+01  4.086E-01  4.866E-14  r  4.5
  272  6.830E+08  3.712E+08  1.738E-03  3.493E+27  1.271E+06  3.055E+11  1.791E+01  4.075E-01  5.213E-14  r  4.5
  273  6.821E+08  3.781E+08  1.772E-03  3.493E+27  1.278E+06  3.128E+11  1.824E+01  4.064E-01  5.583E-14  r  4.5
  274  6.812E+08  3.851E+08  1.805E-03  3.493E+27  1.284E+06  3.202E+11  1.858E+01  4.053E-01  5.978E-14  r  4.5
  275  6.802E+08  3.922E+08  1.839E-03  3.493E+27  1.291E+06  3.277E+11  1.892E+01  4.042E-01  6.399E-14  r  4.5
  276  6.793E+08  3.994E+08  1.874E-03  3.493E+27  1.298E+06  3.355E+11  1.926E+01  4.031E-01  6.848E-14  r  4.5
  277  6.784E+08  4.068E+08  1.909E-03  3.493E+27  1.304E+06  3.433E+11  1.962E+01  4.020E-01  7.327E-14  r  4.5
  278  6.774E+08  4.142E+08  1.945E-03  3.493E+27  1.311E+06  3.514E+11  1.997E+01  4.009E-01  7.837E-14  r  4.5
  279  6.765E+08  4.218E+08  1.981E-03  3.493E+27  1.318E+06  3.596E+11  2.034E+01  3.998E-01  8.381E-14  r  4.5
  280  6.755E+08  4.294E+08  2.018E-03  3.493E+27  1.324E+06  3.680E+11  2.071E+01  3.987E-01  8.961E-14  r  4.5
  281  6.746E+08  4.372E+08  2.056E-03  3.493E+27  1.331E+06  3.765E+11  2.108E+01  3.977E-01  9.578E-14  r  4.5
  282  6.737E+08  4.452E+08  2.094E-03  3.493E+27  1.338E+06  3.853E+11  2.146E+01  3.966E-01  1.023E-13  r  4.5
  283  6.727E+08  4.532E+08  2.132E-03  3.493E+27  1.345E+06  3.942E+11  2.185E+01  3.955E-01  1.093E-13  r  4.5
  284  6.718E+08  4.613E+08  2.172E-03  3.493E+27  1.352E+06  4.033E+11  2.224E+01  3.945E-01  1.168E-13  r  4.5
  285  6.709E+08  4.696E+08  2.211E-03  3.493E+27  1.358E+06  4.126E+11  2.264E+01  3.934E-01  1.247E-13  r  4.5
  286  6.699E+08  4.780E+08  2.252E-03  3.493E+27  1.365E+06  4.221E+11  2.304E+01  3.924E-01  1.332E-13  r  4.5
  287  6.690E+08  4.866E+08  2.293E-03  3.493E+27  1.372E+06  4.318E+11  2.345E+01  3.914E-01  1.421E-13  r  4.5
  288  6.680E+08  4.952E+08  2.334E-03  3.493E+27  1.379E+06  4.416E+11  2.387E+01  3.903E-01  1.517E-13  r  4.5
  289  6.671E+08  5.040E+08  2.377E-03  3.493E+27  1.386E+06  4.517E+11  2.429E+01  3.893E-01  1.618E-13  r  4.5
  290  6.662E+08  5.130E+08  2.420E-03  3.493E+27  1.393E+06  4.620E+11  2.473E+01  3.883E-01  1.726E-13  r  4.5
  291  6.652E+08  5.220E+08  2.463E-03  3.493E+27  1.400E+06  4.725E+11  2.516E+01  3.873E-01  1.841E-13  r  4.5
  292  6.643E+08  5.312E+08  2.507E-03  3.493E+27  1.407E+06  4.832E+11  2.561E+01  3.863E-01  1.962E-13  r  4.5
  293  6.634E+08  5.406E+08  2.552E-03  3.493E+27  1.414E+06  4.942E+11  2.606E+01  3.853E-01  2.092E-13  r  4.5
  294  6.624E+08  5.500E+08  2.597E-03  3.493E+27  1.421E+06  5.053E+11  2.651E+01  3.843E-01  2.229E-13  r  4.5
  295  6.615E+08  5.597E+08  2.644E-03  3.493E+27  1.428E+06  5.167E+11  2.698E+01  3.833E-01  2.375E-13  r  4.5
  296  6.605E+08  5.694E+08  2.690E-03  3.493E+27  1.435E+06  5.283E+11  2.745E+01  3.823E-01  2.530E-13  r  4.5
  297  6.596E+08  5.793E+08  2.738E-03  3.493E+27  1.442E+06  5.402E+11  2.793E+01  3.813E-01  2.695E-13  r  4.5
  298  6.587E+08  5.894E+08  2.786E-03  3.493E+27  1.449E+06  5.523E+11  2.842E+01  3.803E-01  2.870E-13  r  4.5
  299  6.577E+08  5.996E+08  2.835E-03  3.493E+27  1.456E+06  5.646E+11  2.891E+01  3.793E-01  3.055E-13  r  4.5
  300  6.568E+08  6.099E+08  2.884E-03  3.493E+27  1.463E+06  5.772E+11  2.941E+01  3.784E-01  3.252E-13  r  4.5
  301  6.559E+08  6.204E+08  2.935E-03  3.493E+27  1.470E+06  5.901E+11  2.992E+01  3.774E-01  3.460E-13  r  4.5
  302  6.549E+08  6.311E+08  2.986E-03  3.493E+27  1.477E+06  6.032E+11  3.044E+01  3.764E-01  3.682E-13  r  4.5
  303  6.540E+08  6.419E+08  3.037E-03  3.493E+27  1.484E+06  6.166E+11  3.096E+01  3.755E-01  3.916E-13  r  4.5
  304  6.531E+08  6.529E+08  3.090E-03  3.493E+27  1.491E+06  6.302E+11  3.149E+01  3.745E-01  4.165E-13  r  4.5
  305  6.521E+08  6.640E+08  3.143E-03  3.493E+27  1.499E+06  6.441E+11  3.203E+01  3.736E-01  4.429E-13  r  4.5
  306  6.512E+08  6.753E+08  3.197E-03  3.493E+27  1.506E+06  6.583E+11  3.258E+01  3.726E-01  4.708E-13  r  4.5
  307  6.502E+08  6.868E+08  3.252E-03  3.493E+27  1.513E+06  6.728E+11  3.314E+01  3.717E-01  5.004E-13  r  4.5
  308  6.493E+08  6.984E+08  3.307E-03  3.493E+27  1.520E+06  6.875E+11  3.371E+01  3.708E-01  5.318E-13  r  4.5
  309  6.484E+08  7.102E+08  3.364E-03  3.493E+27  1.528E+06  7.026E+11  3.428E+01  3.698E-01  5.650E-13  r  4.5
  310  6.474E+08  7.221E+08  3.421E-03  3.493E+27  1.535E+06  7.179E+11  3.486E+01  3.689E-01  6.002E-13  r  4.5
  311  6.465E+08  7.343E+08  3.479E-03  3.493E+27  1.542E+06  7.336E+11  3.545E+01  3.680E-01  6.375E-13  r  4.5
  312  6.456E+08  7.466E+08  3.537E-03  3.493E+27  1.550E+06  7.496E+11  3.605E+01  3.671E-01  6.770E-13  r  4.5
  313  6.446E+08  7.591E+08  3.597E-03  3.493E+27  1.557E+06  7.658E+11  3.666E+01  3.662E-01  7.187E-13  r  4.5
  314  6.437E+08  7.717E+08  3.657E-03  3.493E+27  1.565E+06  7.825E+11  3.728E+01  3.653E-01  7.629E-13  r  4.5
  315  6.427E+08  7.846E+08  3.719E-03  3.493E+27  1.572E+06  7.994E+11  3.791E+01  3.644E-01  8.097E-13  r  4.5
  316  6.418E+08  7.976E+08  3.781E-03  3.493E+27  1.579E+06  8.167E+11  3.854E+01  3.635E-01  8.592E-13  r  4.5
  317  6.409E+08  8.108E+08  3.843E-03  3.493E+27  1.587E+06  8.343E+11  3.919E+01  3.626E-01  9.116E-13  r  4.5
  318  6.399E+08  8.243E+08  3.907E-03  3.493E+27  1.594E+06  8.522E+11  3.984E+01  3.617E-01  9.669E-13  r  4.5
  319  6.390E+08  8.379E+08  3.972E-03  3.493E+27  1.602E+06  8.705E+11  4.051E+01  3.608E-01  1.025E-12  r  4.5
  320  6.381E+08  8.516E+08  4.037E-03  3.493E+27  1.609E+06  8.892E+11  4.119E+01  3.599E-01  1.087E-12  r  4.5
  321  6.371E+08  8.656E+08  4.104E-03  3.493E+27  1.617E+06  9.082E+11  4.187E+01  3.590E-01  1.153E-12  r  4.5
  322  6.362E+08  8.798E+08  4.171E-03  3.493E+27  1.625E+06  9.277E+11  4.257E+01  3.581E-01  1.222E-12  r  4.5
  323  6.353E+08  8.942E+08  4.239E-03  3.493E+27  1.632E+06  9.474E+11  4.327E+01  3.573E-01  1.295E-12  r  4.5
  324  6.343E+08  9.088E+08  4.309E-03  3.493E+27  1.640E+06  9.676E+11  4.399E+01  3.564E-01  1.372E-12  r  4.5
  325  6.334E+08  9.236E+08  4.379E-03  3.493E+27  1.647E+06  9.882E+11  4.471E+01  3.555E-01  1.454E-12  r  4.5
  326  6.324E+08  9.386E+08  4.450E-03  3.493E+27  1.655E+06  1.009E+12  4.545E+01  3.547E-01  1.540E-12  r  4.5
  327  6.315E+08  9.538E+08  4.522E-03  3.493E+27  1.663E+06  1.031E+12  4.620E+01  3.538E-01  1.631E-12  r  4.5
  328  6.306E+08  9.692E+08  4.595E-03  3.493E+27  1.670E+06  1.052E+12  4.696E+01  3.530E-01  1.727E-12  r  4.5
  329  6.296E+08  9.848E+08  4.669E-03  3.493E+27  1.678E+06  1.075E+12  4.773E+01  3.521E-01  1.829E-12  r  4.5
  330  6.287E+08  1.001E+09  4.744E-03  3.493E+27  1.686E+06  1.097E+12  4.851E+01  3.513E-01  1.936E-12  r  4.5
  331  6.278E+08  1.017E+09  4.820E-03  3.493E+27  1.694E+06  1.120E+12  4.930E+01  3.504E-01  2.049E-12  r  4.5
  332  6.268E+08  1.033E+09  4.897E-03  3.493E+27  1.702E+06  1.144E+12  5.011E+01  3.496E-01  2.169E-12  r  4.5
  333  6.259E+08  1.050E+09  4.974E-03  3.493E+27  1.709E+06  1.168E+12  5.092E+01  3.488E-01  2.295E-12  r  4.5
  334  6.249E+08  1.066E+09  5.053E-03  3.493E+27  1.717E+06  1.192E+12  5.175E+01  3.479E-01  2.427E-12  r  4.5
  335  6.240E+08  1.083E+09  5.134E-03  3.493E+27  1.725E+06  1.217E+12  5.259E+01  3.471E-01  2.568E-12  r  4.5
  336  6.231E+08  1.101E+09  5.215E-03  3.493E+27  1.733E+06  1.242E+12  5.344E+01  3.463E-01  2.715E-12  r  4.5
  337  6.221E+08  1.118E+09  5.297E-03  3.493E+27  1.741E+06  1.268E+12  5.431E+01  3.455E-01  2.871E-12  r  4.5
  338  6.212E+08  1.136E+09  5.380E-03  3.493E+27  1.749E+06  1.295E+12  5.519E+01  3.447E-01  3.036E-12  r  4.5
  339  6.203E+08  1.154E+09  5.464E-03  3.493E+27  1.757E+06  1.322E+12  5.608E+01  3.438E-01  3.209E-12  r  4.5
  340  6.193E+08  1.172E+09  5.550E-03  3.493E+27  1.765E+06  1.349E+12  5.698E+01  3.430E-01  3.392E-12  r  4.5
  341  6.184E+08  1.190E+09  5.636E-03  3.493E+27  1.773E+06  1.377E+12  5.790E+01  3.422E-01  3.585E-12  r  4.5
  342  6.174E+08  1.209E+09  5.724E-03  3.493E+27  1.781E+06  1.405E+12  5.882E+01  3.414E-01  3.788E-12  r  4.5
  343  6.165E+08  1.228E+09  5.813E-03  3.493E+27  1.789E+06  1.434E+12  5.977E+01  3.406E-01  4.002E-12  r  4.5
  344  6.156E+08  1.247E+09  5.903E-03  3.493E+27  1.797E+06  1.464E+12  6.072E+01  3.398E-01  4.227E-12  r  4.5
  345  6.146E+08  1.267E+09  5.994E-03  3.493E+27  1.805E+06  1.494E+12  6.169E+01  3.390E-01  4.464E-12  r  4.5
  346  6.137E+08  1.286E+09  6.086E-03  3.493E+27  1.813E+06  1.525E+12  6.268E+01  3.382E-01  4.715E-12  r  4.5
  347  6.128E+08  1.306E+09  6.180E-03  3.493E+27  1.822E+06  1.556E+12  6.367E+01  3.375E-01  4.978E-12  r  4.5
  348  6.118E+08  1.327E+09  6.274E-03  3.493E+27  1.830E+06  1.588E+12  6.469E+01  3.367E-01  5.255E-12  r  4.5
  349  6.109E+08  1.347E+09  6.370E-03  3.493E+27  1.838E+06  1.620E+12  6.571E+01  3.359E-01  5.547E-12  r  4.5
  350  6.100E+08  1.368E+09  6.467E-03  3.493E+27  1.846E+06  1.653E+12  6.675E+01  3.351E-01  5.855E-12  r  4.5
  351  6.090E+08  1.389E+09  6.566E-03  3.493E+27  1.854E+06  1.687E+12  6.781E+01  3.343E-01  6.179E-12  r  4.5
  352  6.081E+08  1.410E+09  6.665E-03  3.493E+27  1.863E+06  1.721E+12  6.888E+01  3.336E-01  6.519E-12  r  4.5
  353  6.071E+08  1.432E+09  6.766E-03  3.493E+27  1.871E+06  1.756E+12  6.997E+01  3.328E-01  6.878E-12  r  4.5
  354  6.062E+08  1.454E+09  6.868E-03  3.493E+27  1.879E+06  1.792E+12  7.107E+01  3.320E-01  7.255E-12  r  4.5
  355  6.053E+08  1.476E+09  6.971E-03  3.493E+27  1.888E+06  1.828E+12  7.219E+01  3.313E-01  7.652E-12  r  4.5
  356  6.043E+08  1.499E+09  7.076E-03  3.493E+27  1.896E+06  1.865E+12  7.332E+01  3.305E-01  8.069E-12  r  4.5
  357  6.034E+08  1.522E+09  7.182E-03  3.493E+27  1.905E+06  1.902E+12  7.447E+01  3.298E-01  8.508E-12  r  4.5
  358  6.025E+08  1.545E+09  7.289E-03  3.493E+27  1.913E+06  1.941E+12  7.564E+01  3.290E-01  8.970E-12  r  4.5
  359  6.015E+08  1.568E+09  7.398E-03  3.493E+27  1.922E+06  1.980E+12  7.682E+01  3.283E-01  9.456E-12  r  4.5
  360  6.006E+08  1.592E+09  7.508E-03  3.493E+27  1.930E+06  2.020E+12  7.802E+01  3.275E-01  9.967E-12  r  4.5
  361  5.996E+08  1.616E+09  7.620E-03  3.493E+27  1.939E+06  2.060E+12  7.924E+01  3.268E-01  1.050E-11  r  4.5
  362  5.987E+08  1.641E+09  7.732E-03  3.493E+27  1.947E+06  2.102E+12  8.047E+01  3.260E-01  1.107E-11  r  4.5
  363  5.978E+08  1.665E+09  7.847E-03  3.493E+27  1.956E+06  2.144E+12  8.172E+01  3.253E-01  1.166E-11  r  4.5
  364  5.968E+08  1.691E+09  7.962E-03  3.493E+27  1.964E+06  2.186E+12  8.299E+01  3.246E-01  1.228E-11  r  4.5
  365  5.959E+08  1.716E+09  8.079E-03  3.493E+27  1.973E+06  2.230E+12  8.428E+01  3.238E-01  1.294E-11  r  4.5
  366  5.950E+08  1.742E+09  8.198E-03  3.493E+27  1.982E+06  2.275E+12  8.558E+01  3.231E-01  1.363E-11  r  4.5
  367  5.940E+08  1.768E+09  8.317E-03  3.493E+27  1.990E+06  2.320E+12  8.691E+01  3.224E-01  1.435E-11  r  4.5
  368  5.931E+08  1.794E+09  8.439E-03  3.493E+27  1.999E+06  2.366E+12  8.825E+01  3.216E-01  1.511E-11  r  4.5
  369  5.922E+08  1.821E+09  8.562E-03  3.493E+27  2.008E+06  2.413E+12  8.961E+01  3.209E-01  1.591E-11  r  4.5
  370  5.912E+08  1.848E+09  8.686E-03  3.493E+27  2.016E+06  2.461E+12  9.099E+01  3.202E-01  1.675E-11  r  4.5
  371  5.903E+08  1.876E+09  8.812E-03  3.493E+27  2.025E+06  2.510E+12  9.239E+01  3.195E-01  1.763E-11  r  4.5
  372  5.893E+08  1.903E+09  8.939E-03  3.493E+27  2.034E+06  2.559E+12  9.381E+01  3.188E-01  1.855E-11  r  4.5
  373  5.884E+08  1.932E+09  9.068E-03  3.493E+27  2.043E+06  2.610E+12  9.525E+01  3.181E-01  1.952E-11  r  4.5
  374  5.875E+08  1.960E+09  9.199E-03  3.493E+27  2.052E+06  2.661E+12  9.671E+01  3.173E-01  2.054E-11  r  4.5
  375  5.865E+08  1.989E+09  9.331E-03  3.493E+27  2.061E+06  2.714E+12  9.818E+01  3.166E-01  2.161E-11  r  4.5
  376  5.856E+08  2.018E+09  9.464E-03  3.493E+27  2.070E+06  2.767E+12  9.968E+01  3.159E-01  2.274E-11  r  4.5
  377  5.847E+08  2.048E+09  9.600E-03  3.493E+27  2.079E+06  2.821E+12  1.012E+02  3.152E-01  2.391E-11  r  4.5
  378  5.837E+08  2.078E+09  9.737E-03  3.493E+27  2.088E+06  2.877E+12  1.027E+02  3.145E-01  2.515E-11  r  4.5
  379  5.828E+08  2.109E+09  9.875E-03  3.493E+27  2.097E+06  2.933E+12  1.043E+02  3.138E-01  2.645E-11  r  4.5
  380  5.818E+08  2.140E+09  1.002E-02  3.493E+27  2.106E+06  2.991E+12  1.059E+02  3.131E-01  2.781E-11  r  4.5
  381  5.725E+08  2.472E+09  1.148E-02  3.493E+27  2.200E+06  3.643E+12  1.236E+02  3.059E-01  4.643E-11  r  4.5
  382  5.631E+08  2.851E+09  1.312E-02  3.493E+27  2.298E+06  4.432E+12  1.438E+02  2.992E-01  7.629E-11  r  4.5
  383  5.537E+08  3.282E+09  1.496E-02  3.493E+27  2.399E+06  5.379E+12  1.672E+02  2.927E-01  1.243E-10  r  4.5
  384  5.444E+08  3.771E+09  1.704E-02  3.493E+27  2.504E+06  6.516E+12  1.941E+02  2.864E-01  2.006E-10  r  4.5
  385  5.350E+08  4.327E+09  1.936E-02  3.493E+27  2.613E+06  7.879E+12  2.249E+02  2.803E-01  3.206E-10  r  4.5
  386  5.256E+08  4.957E+09  2.195E-02  3.493E+27  2.725E+06  9.510E+12  2.603E+02  2.744E-01  5.082E-10  r  4.4
  387  5.163E+08  5.670E+09  2.484E-02  3.493E+27  2.841E+06  1.146E+13  3.009E+02  2.686E-01  7.988E-10  r  4.4
  388  5.069E+08  6.477E+09  2.806E-02  3.493E+27  2.961E+06  1.379E+13  3.474E+02  2.630E-01  1.246E-09  r  4.4
  389  4.975E+08  7.388E+09  3.164E-02  3.493E+27  3.086E+06  1.658E+13  4.007E+02  2.575E-01  1.930E-09  r  4.4
  390  4.882E+08  8.417E+09  3.561E-02  3.493E+27  3.215E+06  1.990E+13  4.616E+02  2.522E-01  2.968E-09  r  4.4
  391  4.788E+08  9.577E+09  4.000E-02  3.493E+27  3.349E+06  2.386E+13  5.314E+02  2.470E-01  4.536E-09  r  4.4
  392  4.694E+08  1.088E+10  4.486E-02  3.493E+27  3.488E+06  2.858E+13  6.111E+02  2.419E-01  6.890E-09  r  4.4
  393  4.600E+08  1.236E+10  5.022E-02  3.493E+27  3.633E+06  3.420E+13  7.023E+02  2.369E-01  1.041E-08  r  4.4
  394  4.507E+08  1.401E+10  5.613E-02  3.493E+27  3.783E+06  4.089E+13  8.064E+02  2.320E-01  1.563E-08  r  4.4
  395  4.413E+08  1.587E+10  6.263E-02  3.493E+27  3.939E+06  4.885E+13  9.253E+02  2.272E-01  2.336E-08  r  4.4
  396  4.319E+08  1.796E+10  6.977E-02  3.493E+27  4.101E+06  5.832E+13  1.061E+03  2.224E-01  3.473E-08  r  4.4
  397  4.226E+08  2.031E+10  7.760E-02  3.493E+27  4.269E+06  6.957E+13  1.216E+03  2.178E-01  5.139E-08  r  4.4
  398  4.132E+08  2.294E+10  8.617E-02  3.493E+27  4.444E+06  8.294E+13  1.392E+03  2.132E-01  7.570E-08  r  4.3
  399  4.038E+08  2.589E+10  9.553E-02  3.493E+27  4.626E+06  9.882E+13  1.594E+03  2.087E-01  1.110E-07  r  4.3
  400  3.945E+08  2.919E+10  1.058E-01  3.493E+27  4.816E+06  1.177E+14  1.823E+03  2.042E-01  1.621E-07  r  4.3
  401  3.851E+08  3.288E+10  1.169E-01  3.493E+27  5.014E+06  1.400E+14  2.084E+03  1.998E-01  2.358E-07  r  4.3
  402  3.757E+08  3.701E+10  1.290E-01  3.493E+27  5.219E+06  1.665E+14  2.380E+03  1.954E-01  3.415E-07  r  4.3
  403  3.663E+08  4.163E+10  1.421E-01  3.493E+27  5.434E+06  1.979E+14  2.718E+03  1.910E-01  4.928E-07  r  4.3
  404  3.570E+08  4.677E+10  1.563E-01  3.493E+27  5.657E+06  2.351E+14  3.101E+03  1.867E-01  7.082E-07  r  4.3
  405  3.476E+08  5.250E+10  1.717E-01  3.493E+27  5.890E+06  2.791E+14  3.535E+03  1.824E-01  1.014E-06  r  4.2
  406  3.382E+08  5.889E+10  1.883E-01  3.493E+27  6.133E+06  3.310E+14  4.027E+03  1.782E-01  1.446E-06  r  4.2
  407  3.289E+08  6.598E+10  2.061E-01  3.493E+27  6.386E+06  3.923E+14  4.584E+03  1.739E-01  2.055E-06  r  4.2
  408  3.195E+08  7.386E+10  2.252E-01  3.493E+27  6.649E+06  4.646E+14  5.213E+03  1.697E-01  2.908E-06  r  4.2
  409  3.101E+08  8.259E+10  2.457E-01  3.493E+27  6.924E+06  5.496E+14  5.922E+03  1.654E-01  4.099E-06  r  4.1
  410  3.008E+08  9.226E+10  2.675E-01  3.492E+27  7.211E+06  6.495E+14  6.721E+03  1.612E-01  5.756E-06  r  4.1
  411  2.914E+08  1.029E+11  2.907E-01  3.492E+27  7.511E+06  7.667E+14  7.617E+03  1.570E-01  8.049E-06  r  4.1
  412  2.820E+08  1.147E+11  3.153E-01  3.491E+27  7.823E+06  9.039E+14  8.622E+03  1.527E-01  1.121E-05  r  4.0
  413  2.727E+08  1.276E+11  3.413E-01  3.490E+27  8.148E+06  1.064E+15  9.744E+03  1.485E-01  1.554E-05  r  4.0
  414  2.633E+08  1.419E+11  3.686E-01  3.489E+27  8.487E+06  1.251E+15  1.099E+04  1.442E-01  2.145E-05  r  3.9
  415  2.539E+08  1.574E+11  3.972E-01  3.487E+27  8.840E+06  1.467E+15  1.238E+04  1.400E-01  2.947E-05  r  3.9
  416  2.445E+08  1.744E+11  4.270E-01  3.483E+27  9.208E+06  1.718E+15  1.392E+04  1.357E-01  4.031E-05  r  3.9
  417  2.352E+08  1.928E+11  4.579E-01  3.479E+27  9.592E+06  2.006E+15  1.561E+04  1.315E-01  5.485E-05  r  3.8
  418  2.258E+08  2.129E+11  4.897E-01  3.473E+27  9.991E+06  2.338E+15  1.746E+04  1.272E-01  7.426E-05  r  3.7
  419  2.164E+08  2.345E+11  5.224E-01  3.465E+27  1.041E+07  2.717E+15  1.948E+04  1.230E-01  1.000E-04  r  3.7
  420  2.071E+08  2.578E+11  5.556E-01  3.453E+27  1.084E+07  3.149E+15  2.168E+04  1.187E-01  1.340E-04  r  3.6
  421  1.977E+08  2.827E+11  5.892E-01  3.437E+27  1.129E+07  3.639E+15  2.405E+04  1.145E-01  1.787E-04  r  3.5
  422  1.883E+08  3.094E+11  6.228E-01  3.417E+27  1.175E+07  4.190E+15  2.660E+04  1.103E-01  2.370E-04  r  3.5
  423  1.790E+08  3.377E+11  6.563E-01  3.389E+27  1.224E+07  4.809E+15  2.932E+04  1.062E-01  3.127E-04  r  3.4
  424  1.696E+08  3.677E+11  6.893E-01  3.354E+27  1.274E+07  5.499E+15  3.220E+04  1.021E-01  4.109E-04  r  3.3
  425  1.602E+08  3.993E+11  7.214E-01  3.309E+27  1.326E+07  6.264E+15  3.524E+04  9.806E-02  5.377E-04  r  3.2
  426  1.508E+08  4.324E+11  7.524E-01  3.252E+27  1.380E+07  7.109E+15  3.843E+04  9.411E-02  7.020E-04  r  3.2
  427  1.415E+08  4.670E+11  7.820E-01  3.181E+27  1.436E+07  8.039E+15  4.175E+04  9.026E-02  9.159E-04  r  3.1
  428  1.321E+08  5.030E+11  8.098E-01  3.094E+27  1.495E+07  9.056E+15  4.520E+04  8.651E-02  1.197E-03  r  3.0
  429  1.227E+08  5.402E+11  8.357E-01  2.988E+27  1.555E+07  1.017E+16  4.878E+04  8.290E-02  1.576E-03  r  2.9
  430  1.134E+08  5.787E+11  8.592E-01  2.860E+27  1.618E+07  1.139E+16  5.250E+04  7.942E-02  2.103E-03  r  2.9
  431  1.040E+08  6.183E+11  8.804E-01  2.705E+27  1.683E+07  1.272E+16  5.638E+04  7.610E-02  2.870E-03  r  2.8
  432  9.463E+07  6.591E+11  8.990E-01  2.516E+27  1.752E+07  1.421E+16  6.048E+04  7.297E-02  4.060E-03  r  2.8
  433  8.526E+07  7.011E+11  9.151E-01  2.279E+27  1.823E+07  1.588E+16  6.493E+04  7.007E-02  6.041E-03  r  2.8
  434  7.589E+07  7.446E+11  9.286E-01  1.975E+27  1.898E+07  1.781E+16  6.997E+04  6.750E-02  9.574E-03  r  2.9
  435  6.652E+07  7.900E+11  9.396E-01  1.567E+27  1.975E+07  2.015E+16  7.610E+04  6.543E-02  1.621E-02  r  3.1
  436  5.715E+07  8.388E+11  9.483E-01  1.009E+27  2.048E+07  2.320E+16  8.443E+04  6.430E-02  2.860E-02  r  3.8
  437  4.778E+07  8.942E+11  9.549E-01  2.710E+26  2.103E+07  2.763E+16  9.788E+04  6.546E-02  4.785E-02  r  6.5
  438  3.841E+07  9.564E+11  9.597E-01 -8.239E+26  2.157E+07  3.533E+16  1.143E+05  5.998E-02  2.291E-01  r  2.6
  439  2.905E+07  1.133E+12  9.631E-01 -2.627E+27  2.236E+07  5.483E+16  2.163E+05  1.431E-01  1.853E-02  c -2.2
  440  1.968E+07  1.558E+12  9.673E-01 -2.630E+29 -3.590E+06  2.290E+17  7.288E+05  8.199E-02  1.694E+02  r  4.2
  441  0.000E+00  4.065E+13  9.673E-01 -2.630E+29  1.794E+07  7.341E+17  3.055E+06  1.281E+00 -2.698E+00  c  0.3
