    0  1.184E+09  0.000E+00  0.000E+00  9.751E+27  0.000E+00  0.000E+00  0.000E+00  0.000E+00  0.000E+00  r 99.9
    1  1.183E+09  2.973E-02  4.208E-14  9.751E+27  4.068E+03  5.220E-01  8.313E-09  6.040E+00  4.316-100  r  1.0
    2  1.183E+09  6.122E-02  7.783E-14  9.751E+27  1.100E+04  2.163E+00  1.113E-08  2.675E-01  2.624E-74  c  1.1
    3  1.182E+09  6.525E-02  1.794E-13  9.751E+27  1.794E+04  6.840E+00  3.016E-08  1.275E-01  4.430E-64  c  2.3
    4  1.180E+09  7.565E-02  3.855E-13  9.751E+27  2.142E+04  1.636E+01  6.579E-08  2.086E-01  9.681E-64  r 99.9
    5  1.179E+09  9.907E-02  8.442E-13  9.751E+27  2.143E+04  3.762E+01  1.311E-07  1.971E-01  2.834E-60  r 99.9
    6  1.178E+09  1.331E-01  1.422E-12  9.751E+27  2.143E+04  6.452E+01  1.482E-07  2.138E-01  3.208E-60  r 99.9
    7  1.177E+09  1.624E-01  1.934E-12  9.751E+27  2.143E+04  8.844E+01  1.047E-07  1.700E-01  2.301E-60  r 99.9
    8  1.176E+09  2.272E-01  2.847E-12  9.751E+27  2.145E+04  1.312E+02  2.776E-07  3.303E-01  6.239E-60  r 99.9
    9  1.174E+09  4.988E-01  4.945E-12  9.751E+27  2.149E+04  2.301E+02  6.189E-07  5.931E-01  1.506E-59  r 99.9
   10  1.173E+09  1.591E+00  9.638E-12  9.751E+27  2.166E+04  4.520E+02  1.382E-06  1.069E+00  4.634E-59  r 82.0
   11  1.172E+09  5.570E+00  1.991E-11  9.751E+27  2.228E+04  9.399E+02  2.974E-06  1.764E+00  3.094E-58  r 24.8
   12  1.171E+09  1.689E+01  4.107E-11  9.751E+27  2.390E+04  1.949E+03  5.883E-06  2.358E+00  9.987E-57  r  9.8
   13  1.170E+09  4.080E+01  8.056E-11  9.751E+27  2.663E+04  3.839E+03  1.046E-05  2.535E+00  1.159E-54  r  5.9
   14  1.169E+09  8.147E+01  1.476E-10  9.751E+27  2.999E+04  7.059E+03  1.710E-05  2.467E+00  1.496E-52  r  4.8
   15  1.167E+09  1.431E+02  2.534E-10  9.751E+27  3.361E+04  1.217E+04  2.635E-05  2.349E+00  1.191E-50  r  4.5
   16  1.166E+09  2.309E+02  4.123E-10  9.751E+27  3.733E+04  1.986E+04  3.878E-05  2.228E+00  5.752E-49  r  4.4
   17  1.165E+09  3.510E+02  6.410E-10  9.751E+27  4.111E+04  3.099E+04  5.503E-05  2.116E+00  1.798E-47  r  4.4
   18  1.164E+09  5.102E+02  9.597E-10  9.751E+27  4.490E+04  4.656E+04  7.577E-05  2.014E+00  3.902E-46  r  4.4
   19  1.163E+09  7.163E+02  1.392E-09  9.751E+27  4.872E+04  6.774E+04  1.017E-04  1.923E+00  6.236E-45  r  4.5
   20  1.161E+09  9.777E+02  1.964E-09  9.751E+27  5.255E+04  9.591E+04  1.336E-04  1.841E+00  7.703E-44  r  4.5
   21  1.160E+09  1.304E+03  2.706E-09  9.751E+27  5.640E+04  1.326E+05  1.723E-04  1.767E+00  7.645E-43  r  4.5
   22  1.159E+09  1.704E+03  3.654E-09  9.751E+27  6.025E+04  1.797E+05  2.187E-04  1.700E+00  6.290E-42  r  4.5
   23  1.158E+09  2.190E+03  4.845E-09  9.751E+27  6.412E+04  2.391E+05  2.736E-04  1.640E+00  4.401E-41  r  4.5
   24  1.157E+09  2.772E+03  6.323E-09  9.751E+27  6.799E+04  3.130E+05  3.380E-04  1.584E+00  2.673E-40  r  4.5
   25  1.156E+09  3.464E+03  8.134E-09  9.751E+27  7.188E+04  4.040E+05  4.129E-04  1.534E+00  1.434E-39  r  4.5
   26  1.154E+09  4.279E+03  1.033E-08  9.751E+27  7.578E+04  5.149E+05  4.994E-04  1.487E+00  6.894E-39  r  4.5
   27  1.153E+09  5.230E+03  1.297E-08  9.751E+27  7.968E+04  6.485E+05  5.985E-04  1.444E+00  3.007E-38  r  4.5
   28  1.152E+09  6.332E+03  1.611E-08  9.751E+27  8.360E+04  8.084E+05  7.113E-04  1.403E+00  1.202E-37  r  4.5
   29  1.151E+09  7.602E+03  1.982E-08  9.751E+27  8.753E+04  9.980E+05  8.391E-04  1.366E+00  4.439E-37  r  4.5
   30  1.150E+09  9.055E+03  2.417E-08  9.751E+27  9.146E+04  1.221E+06  9.831E-04  1.331E+00  1.528E-36  r  4.6
   31  1.148E+09  1.071E+04  2.925E-08  9.751E+27  9.541E+04  1.483E+06  1.144E-03  1.299E+00  4.933E-36  r  4.6
   32  1.147E+09  1.258E+04  3.512E-08  9.751E+27  9.937E+04  1.787E+06  1.325E-03  1.268E+00  1.502E-35  r  4.6
   33  1.146E+09  1.470E+04  4.189E-08  9.751E+27  1.033E+05  2.138E+06  1.525E-03  1.239E+00  4.334E-35  r  4.6
   34  1.145E+09  1.707E+04  4.965E-08  9.751E+27  1.073E+05  2.543E+06  1.747E-03  1.212E+00  1.191E-34  r  4.6
   35  1.144E+09  1.972E+04  5.849E-08  9.751E+27  1.113E+05  3.006E+06  1.992E-03  1.186E+00  3.128E-34  r  4.6
   36  1.143E+09  2.267E+04  6.853E-08  9.751E+27  1.153E+05  3.534E+06  2.261E-03  1.162E+00  7.882E-34  r  4.6
   37  1.141E+09  2.595E+04  7.988E-08  9.751E+27  1.193E+05  4.134E+06  2.556E-03  1.139E+00  1.911E-33  r  4.6
   38  1.140E+09  2.958E+04  9.267E-08  9.751E+27  1.233E+05  4.811E+06  2.879E-03  1.117E+00  4.471E-33  r  4.6
   39  1.139E+09  3.358E+04  1.070E-07  9.751E+27  1.273E+05  5.575E+06  3.232E-03  1.096E+00  1.012E-32  r  4.6
   40  1.138E+09  3.798E+04  1.230E-07  9.751E+27  1.314E+05  6.433E+06  3.615E-03  1.077E+00  2.221E-32  r  4.6
   41  1.137E+09  4.281E+04  1.409E-07  9.751E+27  1.354E+05  7.392E+06  4.031E-03  1.058E+00  4.734E-32  r  4.6
   42  1.135E+09  4.809E+04  1.608E-07  9.751E+27  1.395E+05  8.463E+06  4.482E-03  1.040E+00  9.823E-32  r  4.6
   43  1.134E+09  5.386E+04  1.828E-07  9.751E+27  1.435E+05  9.654E+06  4.969E-03  1.022E+00  1.988E-31  r  4.6
   44  1.133E+09  6.013E+04  2.071E-07  9.751E+27  1.476E+05  1.098E+07  5.494E-03  1.006E+00  3.927E-31  r  4.6
   45  1.132E+09  6.696E+04  2.339E-07  9.751E+27  1.517E+05  1.244E+07  6.060E-03  9.898E-01  7.587E-31  r  4.6
   46  1.131E+09  7.435E+04  2.633E-07  9.751E+27  1.558E+05  1.405E+07  6.667E-03  9.746E-01  1.435E-30  r  4.6
   47  1.129E+09  8.236E+04  2.956E-07  9.751E+27  1.599E+05  1.583E+07  7.320E-03  9.599E-01  2.662E-30  r  4.6
   48  1.128E+09  9.101E+04  3.309E-07  9.751E+27  1.640E+05  1.778E+07  8.018E-03  9.458E-01  4.845E-30  r  4.6
   49  1.127E+09  1.003E+05  3.695E-07  9.751E+27  1.681E+05  1.993E+07  8.765E-03  9.323E-01  8.663E-30  r  4.6
   50  1.126E+09  1.104E+05  4.116E-07  9.751E+27  1.722E+05  2.227E+07  9.563E-03  9.192E-01  1.523E-29  r  4.6
   51  1.125E+09  1.212E+05  4.573E-07  9.751E+27  1.764E+05  2.483E+07  1.041E-02  9.066E-01  2.636E-29  r  4.6
   52  1.124E+09  1.327E+05  5.070E-07  9.751E+27  1.805E+05  2.763E+07  1.132E-02  8.944E-01  4.492E-29  r  4.6
   53  1.122E+09  1.452E+05  5.608E-07  9.751E+27  1.847E+05  3.067E+07  1.228E-02  8.826E-01  7.547E-29  r  4.6
   54  1.121E+09  1.584E+05  6.190E-07  9.751E+27  1.888E+05  3.397E+07  1.331E-02  8.713E-01  1.251E-28  r  4.6
   55  1.120E+09  1.726E+05  6.820E-07  9.751E+27  1.930E+05  3.755E+07  1.440E-02  8.603E-01  2.046E-28  r  4.6
   56  1.119E+09  1.878E+05  7.498E-07  9.751E+27  1.972E+05  4.143E+07  1.555E-02  8.497E-01  3.304E-28  r  4.6
   57  1.118E+09  2.039E+05  8.229E-07  9.751E+27  2.014E+05  4.563E+07  1.677E-02  8.394E-01  5.275E-28  r  4.6
   58  1.116E+09  2.211E+05  9.015E-07  9.751E+27  2.056E+05  5.016E+07  1.806E-02  8.294E-01  8.325E-28  r  4.6
   59  1.115E+09  2.394E+05  9.859E-07  9.751E+27  2.098E+05  5.505E+07  1.942E-02  8.197E-01  1.300E-27  r  4.6
   60  1.114E+09  2.589E+05  1.076E-06  9.751E+27  2.140E+05  6.031E+07  2.086E-02  8.103E-01  2.008E-27  r  4.6
   61  1.113E+09  2.795E+05  1.173E-06  9.751E+27  2.183E+05  6.598E+07  2.238E-02  8.011E-01  3.071E-27  r  4.6
   62  1.112E+09  3.013E+05  1.277E-06  9.751E+27  2.225E+05  7.206E+07  2.398E-02  7.923E-01  4.654E-27  r  4.6
   63  1.111E+09  3.245E+05  1.388E-06  9.751E+27  2.268E+05  7.859E+07  2.567E-02  7.837E-01  6.986E-27  r  4.6
   64  1.109E+09  3.490E+05  1.506E-06  9.751E+27  2.310E+05  8.559E+07  2.744E-02  7.753E-01  1.040E-26  r  4.6
   65  1.108E+09  3.749E+05  1.632E-06  9.751E+27  2.353E+05  9.309E+07  2.930E-02  7.671E-01  1.534E-26  r  4.6
   66  1.107E+09  4.023E+05  1.767E-06  9.751E+27  2.396E+05  1.011E+08  3.126E-02  7.592E-01  2.246E-26  r  4.6
   67  1.106E+09  4.311E+05  1.910E-06  9.751E+27  2.439E+05  1.097E+08  3.332E-02  7.515E-01  3.261E-26  r  4.6
   68  1.105E+09  4.616E+05  2.062E-06  9.751E+27  2.482E+05  1.188E+08  3.547E-02  7.439E-01  4.700E-26  r  4.6
   69  1.103E+09  4.936E+05  2.223E-06  9.751E+27  2.525E+05  1.286E+08  3.773E-02  7.366E-01  6.726E-26  r  4.6
   70  1.102E+09  5.274E+05  2.394E-06  9.751E+27  2.568E+05  1.390E+08  4.010E-02  7.294E-01  9.557E-26  r  4.6
   71  1.101E+09  5.629E+05  2.576E-06  9.751E+27  2.611E+05  1.500E+08  4.257E-02  7.225E-01  1.349E-25  r  4.6
   72  1.100E+09  6.003E+05  2.768E-06  9.751E+27  2.655E+05  1.618E+08  4.516E-02  7.156E-01  1.891E-25  r  4.6
   73  1.099E+09  6.395E+05  2.971E-06  9.751E+27  2.698E+05  1.743E+08  4.787E-02  7.090E-01  2.636E-25  r  4.6
   74  1.098E+09  6.807E+05  3.186E-06  9.751E+27  2.742E+05  1.876E+08  5.070E-02  7.025E-01  3.650E-25  r  4.6
   75  1.096E+09  7.239E+05  3.413E-06  9.751E+27  2.786E+05  2.017E+08  5.366E-02  6.961E-01  5.026E-25  r  4.6
   76  1.095E+09  7.692E+05  3.653E-06  9.751E+27  2.829E+05  2.166E+08  5.675E-02  6.899E-01  6.881E-25  r  4.6
   77  1.094E+09  8.166E+05  3.906E-06  9.751E+27  2.873E+05  2.324E+08  5.996E-02  6.839E-01  9.369E-25  r  4.6
   78  1.093E+09  8.663E+05  4.172E-06  9.751E+27  2.917E+05  2.492E+08  6.332E-02  6.780E-01  1.269E-24  r  4.6
   79  1.092E+09  9.183E+05  4.453E-06  9.751E+27  2.962E+05  2.669E+08  6.682E-02  6.722E-01  1.710E-24  r  4.6
   80  1.090E+09  9.727E+05  4.749E-06  9.751E+27  3.006E+05  2.856E+08  7.046E-02  6.665E-01  2.292E-24  r  4.6
   81  1.089E+09  1.030E+06  5.059E-06  9.751E+27  3.050E+05  3.054E+08  7.425E-02  6.609E-01  3.059E-24  r  4.6
   82  1.088E+09  1.089E+06  5.386E-06  9.751E+27  3.095E+05  3.263E+08  7.819E-02  6.555E-01  4.062E-24  r  4.6
   83  1.087E+09  1.151E+06  5.729E-06  9.751E+27  3.139E+05  3.483E+08  8.230E-02  6.502E-01  5.370E-24  r  4.6
   84  1.086E+09  1.216E+06  6.090E-06  9.751E+27  3.184E+05  3.716E+08  8.656E-02  6.450E-01  7.067E-24  r  4.6
   85  1.084E+09  1.283E+06  6.468E-06  9.751E+27  3.228E+05  3.961E+08  9.100E-02  6.398E-01  9.262E-24  r  4.6
   86  1.083E+09  1.354E+06  6.864E-06  9.751E+27  3.273E+05  4.219E+08  9.560E-02  6.348E-01  1.209E-23  r  4.6
   87  1.082E+09  1.427E+06  7.280E-06  9.751E+27  3.318E+05  4.490E+08  1.004E-01  6.299E-01  1.571E-23  r  4.6
   88  1.081E+09  1.503E+06  7.715E-06  9.751E+27  3.363E+05  4.776E+08  1.053E-01  6.251E-01  2.034E-23  r  4.6
   89  1.080E+09  1.583E+06  8.171E-06  9.751E+27  3.408E+05  5.076E+08  1.105E-01  6.204E-01  2.624E-23  r  4.6
   90  1.079E+09  1.666E+06  8.647E-06  9.751E+27  3.454E+05  5.392E+08  1.158E-01  6.157E-01  3.371E-23  r  4.6
   91  1.077E+09  1.752E+06  9.146E-06  9.751E+27  3.499E+05  5.724E+08  1.214E-01  6.112E-01  4.317E-23  r  4.6
   92  1.076E+09  1.841E+06  9.667E-06  9.751E+27  3.544E+05  6.072E+08  1.271E-01  6.067E-01  5.508E-23  r  4.6
   93  1.075E+09  1.934E+06  1.021E-05  9.751E+27  3.590E+05  6.437E+08  1.330E-01  6.023E-01  7.003E-23  r  4.6
   94  1.074E+09  2.031E+06  1.078E-05  9.751E+27  3.636E+05  6.820E+08  1.392E-01  5.980E-01  8.874E-23  r  4.6
   95  1.073E+09  2.132E+06  1.137E-05  9.751E+27  3.681E+05  7.222E+08  1.456E-01  5.938E-01  1.121E-22  r  4.6
   96  1.071E+09  2.236E+06  1.199E-05  9.751E+27  3.727E+05  7.642E+08  1.522E-01  5.896E-01  1.411E-22  r  4.6
   97  1.070E+09  2.344E+06  1.264E-05  9.751E+27  3.773E+05  8.083E+08  1.590E-01  5.856E-01  1.772E-22  r  4.6
   98  1.069E+09  2.456E+06  1.331E-05  9.751E+27  3.819E+05  8.544E+08  1.660E-01  5.816E-01  2.217E-22  r  4.6
   99  1.068E+09  2.573E+06  1.401E-05  9.751E+27  3.866E+05  9.027E+08  1.733E-01  5.776E-01  2.767E-22  r  4.6
  100  1.067E+09  2.693E+06  1.474E-05  9.751E+27  3.912E+05  9.532E+08  1.809E-01  5.737E-01  3.443E-22  r  4.6
  101  1.066E+09  2.819E+06  1.550E-05  9.751E+27  3.958E+05  1.006E+09  1.886E-01  5.699E-01  4.272E-22  r  4.6
  102  1.064E+09  2.948E+06  1.629E-05  9.751E+27  4.005E+05  1.061E+09  1.967E-01  5.662E-01  5.286E-22  r  4.6
  103  1.063E+09  3.082E+06  1.711E-05  9.751E+27  4.052E+05  1.119E+09  2.050E-01  5.625E-01  6.524E-22  r  4.6
  104  1.062E+09  3.221E+06  1.797E-05  9.751E+27  4.098E+05  1.179E+09  2.136E-01  5.588E-01  8.030E-22  r  4.6
  105  1.061E+09  3.365E+06  1.885E-05  9.751E+27  4.145E+05  1.242E+09  2.224E-01  5.553E-01  9.859E-22  r  4.6
  106  1.060E+09  3.514E+06  1.978E-05  9.751E+27  4.192E+05  1.308E+09  2.316E-01  5.518E-01  1.208E-21  r  4.6
  107  1.058E+09  3.668E+06  2.074E-05  9.751E+27  4.239E+05  1.376E+09  2.410E-01  5.483E-01  1.475E-21  r  4.6
  108  1.057E+09  3.827E+06  2.173E-05  9.751E+27  4.286E+05  1.447E+09  2.507E-01  5.449E-01  1.798E-21  r  4.6
  109  1.056E+09  3.991E+06  2.276E-05  9.751E+27  4.334E+05  1.522E+09  2.607E-01  5.415E-01  2.187E-21  r  4.6
  110  1.055E+09  4.161E+06  2.384E-05  9.751E+27  4.381E+05  1.599E+09  2.711E-01  5.382E-01  2.653E-21  r  4.6
  111  1.054E+09  4.337E+06  2.495E-05  9.751E+27  4.429E+05  1.680E+09  2.817E-01  5.350E-01  3.212E-21  r  4.6
  112  1.053E+09  4.518E+06  2.610E-05  9.751E+27  4.476E+05  1.764E+09  2.927E-01  5.318E-01  3.881E-21  r  4.6
  113  1.051E+09  4.705E+06  2.729E-05  9.751E+27  4.524E+05  1.852E+09  3.040E-01  5.286E-01  4.678E-21  r  4.6
  114  1.050E+09  4.898E+06  2.853E-05  9.751E+27  4.572E+05  1.943E+09  3.156E-01  5.255E-01  5.627E-21  r  4.6
  115  1.049E+09  5.098E+06  2.981E-05  9.751E+27  4.620E+05  2.038E+09  3.276E-01  5.224E-01  6.756E-21  r  4.6
  116  1.048E+09  5.304E+06  3.114E-05  9.751E+27  4.668E+05  2.136E+09  3.399E-01  5.194E-01  8.094E-21  r  4.6
  117  1.047E+09  5.516E+06  3.251E-05  9.751E+27  4.716E+05  2.239E+09  3.526E-01  5.164E-01  9.679E-21  r  4.6
  118  1.045E+09  5.735E+06  3.393E-05  9.751E+27  4.764E+05  2.346E+09  3.657E-01  5.135E-01  1.155E-20  r  4.6
  119  1.044E+09  5.961E+06  3.540E-05  9.751E+27  4.813E+05  2.457E+09  3.791E-01  5.106E-01  1.376E-20  r  4.6
  120  1.043E+09  6.193E+06  3.692E-05  9.751E+27  4.861E+05  2.572E+09  3.929E-01  5.077E-01  1.637E-20  r  4.6
  121  1.042E+09  6.433E+06  3.850E-05  9.751E+27  4.910E+05  2.691E+09  4.071E-01  5.049E-01  1.943E-20  r  4.6
  122  1.041E+09  6.680E+06  4.012E-05  9.751E+27  4.959E+05  2.815E+09  4.217E-01  5.021E-01  2.302E-20  r  4.6
  123  1.039E+09  6.935E+06  4.180E-05  9.751E+27  5.008E+05  2.944E+09  4.368E-01  4.994E-01  2.723E-20  r  4.6
  124  1.038E+09  7.197E+06  4.354E-05  9.751E+27  5.057E+05  3.078E+09  4.522E-01  4.967E-01  3.215E-20  r  4.6
  125  1.037E+09  7.467E+06  4.533E-05  9.751E+27  5.106E+05  3.217E+09  4.681E-01  4.940E-01  3.790E-20  r  4.6
  126  1.036E+09  7.744E+06  4.718E-05  9.751E+27  5.155E+05  3.361E+09  4.844E-01  4.914E-01  4.461E-20  r  4.6
  127  1.035E+09  8.030E+06  4.909E-05  9.751E+27  5.204E+05  3.510E+09  5.011E-01  4.888E-01  5.242E-20  r  4.6
  128  1.034E+09  8.324E+06  5.106E-05  9.751E+27  5.254E+05  3.665E+09  5.183E-01  4.862E-01  6.150E-20  r  4.6
  129  1.032E+09  8.627E+06  5.310E-05  9.751E+27  5.303E+05  3.826E+09  5.359E-01  4.837E-01  7.205E-20  r  4.6
  130  1.031E+09  8.938E+06  5.519E-05  9.751E+27  5.353E+05  3.992E+09  5.541E-01  4.811E-01  8.427E-20  r  4.6
  131  1.030E+09  9.258E+06  5.736E-05  9.751E+27  5.403E+05  4.164E+09  5.727E-01  4.787E-01  9.843E-20  r  4.6
  132  1.029E+09  9.587E+06  5.959E-05  9.751E+27  5.453E+05  4.343E+09  5.918E-01  4.762E-01  1.148E-19  r  4.6
  133  1.028E+09  9.926E+06  6.189E-05  9.751E+27  5.503E+05  4.528E+09  6.114E-01  4.738E-01  1.337E-19  r  4.6
  134  1.026E+09  1.027E+07  6.426E-05  9.751E+27  5.553E+05  4.719E+09  6.315E-01  4.714E-01  1.555E-19  r  4.6
  135  1.025E+09  1.063E+07  6.671E-05  9.751E+27  5.603E+05  4.917E+09  6.521E-01  4.691E-01  1.806E-19  r  4.6
  136  1.024E+09  1.100E+07  6.922E-05  9.751E+27  5.654E+05  5.122E+09  6.732E-01  4.668E-01  2.094E-19  r  4.6
  137  1.023E+09  1.137E+07  7.181E-05  9.751E+27  5.704E+05  5.334E+09  6.949E-01  4.645E-01  2.426E-19  r  4.6
  138  1.022E+09  1.176E+07  7.448E-05  9.751E+27  5.755E+05  5.554E+09  7.172E-01  4.622E-01  2.806E-19  r  4.6
  139  1.021E+09  1.216E+07  7.723E-05  9.751E+27  5.806E+05  5.781E+09  7.400E-01  4.599E-01  3.242E-19  r  4.6
  140  1.019E+09  1.257E+07  8.006E-05  9.751E+27  5.857E+05  6.016E+09  7.633E-01  4.577E-01  3.740E-19  r  4.6
  141  1.018E+09  1.299E+07  8.297E-05  9.751E+27  5.908E+05  6.258E+09  7.873E-01  4.555E-01  4.310E-19  r  4.6
  142  1.017E+09  1.342E+07  8.596E-05  9.751E+27  5.959E+05  6.509E+09  8.118E-01  4.534E-01  4.961E-19  r  4.6
  143  1.016E+09  1.386E+07  8.904E-05  9.751E+27  6.010E+05  6.769E+09  8.370E-01  4.512E-01  5.703E-19  r  4.6
  144  1.015E+09  1.431E+07  9.221E-05  9.751E+27  6.062E+05  7.036E+09  8.628E-01  4.491E-01  6.549E-19  r  4.6
  145  1.013E+09  1.478E+07  9.547E-05  9.751E+27  6.113E+05  7.313E+09  8.892E-01  4.470E-01  7.511E-19  r  4.6
  146  1.012E+09  1.525E+07  9.882E-05  9.751E+27  6.165E+05  7.599E+09  9.162E-01  4.449E-01  8.605E-19  r  4.6
  147  1.011E+09  1.574E+07  1.023E-04  9.751E+27  6.216E+05  7.894E+09  9.439E-01  4.429E-01  9.847E-19  r  4.6
  148  1.010E+09  1.624E+07  1.058E-04  9.751E+27  6.268E+05  8.199E+09  9.723E-01  4.409E-01  1.126E-18  r  4.6
  149  1.009E+09  1.676E+07  1.094E-04  9.751E+27  6.320E+05  8.514E+09  1.001E+00  4.389E-01  1.285E-18  r  4.6
  150  1.008E+09  1.728E+07  1.132E-04  9.751E+27  6.372E+05  8.839E+09  1.031E+00  4.369E-01  1.466E-18  r  4.6
  151  1.006E+09  1.782E+07  1.170E-04  9.751E+27  6.425E+05  9.174E+09  1.061E+00  4.349E-01  1.670E-18  r  4.6
  152  1.005E+09  1.838E+07  1.210E-04  9.751E+27  6.477E+05  9.520E+09  1.093E+00  4.330E-01  1.901E-18  r  4.6
  153  1.004E+09  1.894E+07  1.250E-04  9.751E+27  6.530E+05  9.877E+09  1.124E+00  4.311E-01  2.162E-18  r  4.6
  154  1.003E+09  1.952E+07  1.292E-04  9.751E+27  6.582E+05  1.024E+10  1.157E+00  4.292E-01  2.456E-18  r  4.6
  155  1.002E+09  2.012E+07  1.334E-04  9.751E+27  6.635E+05  1.062E+10  1.190E+00  4.273E-01  2.787E-18  r  4.6
  156  1.000E+09  2.073E+07  1.378E-04  9.751E+27  6.688E+05  1.102E+10  1.225E+00  4.254E-01  3.160E-18  r  4.6
  157  9.992E+08  2.135E+07  1.423E-04  9.751E+27  6.741E+05  1.142E+10  1.259E+00  4.236E-01  3.579E-18  r  4.6
  158  9.981E+08  2.199E+07  1.469E-04  9.751E+27  6.794E+05  1.184E+10  1.295E+00  4.218E-01  4.050E-18  r  4.6
  159  9.969E+08  2.265E+07  1.516E-04  9.751E+27  6.848E+05  1.226E+10  1.332E+00  4.200E-01  4.578E-18  r  4.6
  160  9.957E+08  2.332E+07  1.565E-04  9.751E+27  6.901E+05  1.271E+10  1.369E+00  4.182E-01  5.171E-18  r  4.6
  161  9.945E+08  2.400E+07  1.614E-04  9.751E+27  6.955E+05  1.316E+10  1.407E+00  4.164E-01  5.835E-18  r  4.6
  162  9.933E+08  2.470E+07  1.665E-04  9.751E+27  7.008E+05  1.363E+10  1.446E+00  4.146E-01  6.579E-18  r  4.6
  163  9.921E+08  2.542E+07  1.718E-04  9.751E+27  7.062E+05  1.411E+10  1.486E+00  4.129E-01  7.411E-18  r  4.6
  164  9.910E+08  2.616E+07  1.771E-04  9.751E+27  7.116E+05  1.461E+10  1.527E+00  4.112E-01  8.342E-18  r  4.6
  165  9.898E+08  2.691E+07  1.826E-04  9.751E+27  7.170E+05  1.513E+10  1.569E+00  4.095E-01  9.381E-18  r  4.6
  166  9.886E+08  2.768E+07  1.882E-04  9.751E+27  7.224E+05  1.565E+10  1.611E+00  4.078E-01  1.054E-17  r  4.6
  167  9.874E+08  2.847E+07  1.940E-04  9.751E+27  7.279E+05  1.620E+10  1.655E+00  4.062E-01  1.183E-17  r  4.6
  168  9.862E+08  2.927E+07  1.999E-04  9.751E+27  7.333E+05  1.676E+10  1.699E+00  4.045E-01  1.328E-17  r  4.6
  169  9.850E+08  3.009E+07  2.060E-04  9.751E+27  7.388E+05  1.733E+10  1.745E+00  4.029E-01  1.488E-17  r  4.6
  170  9.839E+08  3.093E+07  2.121E-04  9.751E+27  7.443E+05  1.792E+10  1.791E+00  4.012E-01  1.667E-17  r  4.6
  171  9.827E+08  3.180E+07  2.185E-04  9.751E+27  7.497E+05  1.853E+10  1.838E+00  3.996E-01  1.865E-17  r  4.6
  172  9.815E+08  3.267E+07  2.250E-04  9.751E+27  7.553E+05  1.916E+10  1.887E+00  3.981E-01  2.086E-17  r  4.6
  173  9.803E+08  3.357E+07  2.316E-04  9.751E+27  7.608E+05  1.981E+10  1.936E+00  3.965E-01  2.331E-17  r  4.6
  174  9.791E+08  3.449E+07  2.384E-04  9.751E+27  7.663E+05  2.047E+10  1.987E+00  3.949E-01  2.602E-17  r  4.6
  175  9.779E+08  3.543E+07  2.454E-04  9.751E+27  7.718E+05  2.115E+10  2.038E+00  3.934E-01  2.904E-17  r  4.6
  176  9.767E+08  3.639E+07  2.526E-04  9.751E+27  7.774E+05  2.186E+10  2.091E+00  3.918E-01  3.238E-17  r  4.5
  177  9.756E+08  3.737E+07  2.598E-04  9.751E+27  7.830E+05  2.258E+10  2.145E+00  3.903E-01  3.607E-17  r  4.5
  178  9.744E+08  3.837E+07  2.673E-04  9.751E+27  7.886E+05  2.332E+10  2.199E+00  3.888E-01  4.016E-17  r  4.5
  179  9.732E+08  3.940E+07  2.750E-04  9.751E+27  7.942E+05  2.408E+10  2.255E+00  3.873E-01  4.468E-17  r  4.5
  180  9.720E+08  4.044E+07  2.828E-04  9.751E+27  7.998E+05  2.487E+10  2.313E+00  3.858E-01  4.968E-17  r  4.5
  181  9.708E+08  4.151E+07  2.908E-04  9.751E+27  8.054E+05  2.567E+10  2.371E+00  3.844E-01  5.520E-17  r  4.5
  182  9.696E+08  4.260E+07  2.989E-04  9.751E+27  8.111E+05  2.650E+10  2.430E+00  3.829E-01  6.129E-17  r  4.5
  183  9.685E+08  4.371E+07  3.073E-04  9.751E+27  8.167E+05  2.735E+10  2.491E+00  3.815E-01  6.800E-17  r  4.5
  184  9.673E+08  4.485E+07  3.158E-04  9.751E+27  8.224E+05  2.823E+10  2.553E+00  3.801E-01  7.541E-17  r  4.5
  185  9.661E+08  4.601E+07  3.246E-04  9.751E+27  8.281E+05  2.913E+10  2.616E+00  3.786E-01  8.356E-17  r  4.5
  186  9.649E+08  4.720E+07  3.335E-04  9.751E+27  8.338E+05  3.005E+10  2.681E+00  3.772E-01  9.254E-17  r  4.5
  187  9.637E+08  4.841E+07  3.426E-04  9.751E+27  8.395E+05  3.100E+10  2.747E+00  3.758E-01  1.024E-16  r  4.5
  188  9.625E+08  4.964E+07  3.520E-04  9.751E+27  8.452E+05  3.197E+10  2.814E+00  3.745E-01  1.133E-16  r  4.5
  189  9.614E+08  5.090E+07  3.615E-04  9.751E+27  8.509E+05  3.297E+10  2.882E+00  3.731E-01  1.252E-16  r  4.5
  190  9.602E+08  5.219E+07  3.712E-04  9.751E+27  8.567E+05  3.400E+10  2.952E+00  3.717E-01  1.383E-16  r  4.5
  191  9.590E+08  5.350E+07  3.812E-04  9.751E+27  8.625E+05  3.505E+10  3.023E+00  3.704E-01  1.527E-16  r  4.5
  192  9.578E+08  5.484E+07  3.913E-04  9.751E+27  8.683E+05  3.614E+10  3.096E+00  3.691E-01  1.685E-16  r  4.5
  193  9.566E+08  5.621E+07  4.017E-04  9.751E+27  8.741E+05  3.725E+10  3.170E+00  3.677E-01  1.859E-16  r  4.5
  194  9.554E+08  5.760E+07  4.123E-04  9.751E+27  8.799E+05  3.839E+10  3.245E+00  3.664E-01  2.048E-16  r  4.5
  195  9.543E+08  5.902E+07  4.232E-04  9.751E+27  8.857E+05  3.956E+10  3.322E+00  3.651E-01  2.256E-16  r  4.5
  196  9.531E+08  6.047E+07  4.342E-04  9.751E+27  8.916E+05  4.076E+10  3.401E+00  3.638E-01  2.484E-16  r  4.5
  197  9.519E+08  6.195E+07  4.455E-04  9.751E+27  8.974E+05  4.199E+10  3.481E+00  3.626E-01  2.733E-16  r  4.5
  198  9.507E+08  6.346E+07  4.570E-04  9.751E+27  9.033E+05  4.325E+10  3.562E+00  3.613E-01  3.005E-16  r  4.5
  199  9.495E+08  6.500E+07  4.688E-04  9.751E+27  9.092E+05  4.455E+10  3.645E+00  3.600E-01  3.303E-16  r  4.5
  200  9.483E+08  6.657E+07  4.808E-04  9.751E+27  9.151E+05  4.588E+10  3.730E+00  3.588E-01  3.629E-16  r  4.5
  201  9.472E+08  6.817E+07  4.931E-04  9.751E+27  9.210E+05  4.724E+10  3.816E+00  3.575E-01  3.984E-16  r  4.5
  202  9.460E+08  6.980E+07  5.056E-04  9.751E+27  9.269E+05  4.864E+10  3.904E+00  3.563E-01  4.372E-16  r  4.5
  203  9.448E+08  7.146E+07  5.183E-04  9.751E+27  9.329E+05  5.008E+10  3.994E+00  3.551E-01  4.795E-16  r  4.5
  204  9.436E+08  7.316E+07  5.313E-04  9.751E+27  9.389E+05  5.155E+10  4.085E+00  3.539E-01  5.256E-16  r  4.5
  205  9.424E+08  7.489E+07  5.446E-04  9.751E+27  9.448E+05  5.306E+10  4.178E+00  3.527E-01  5.759E-16  r  4.5
  206  9.412E+08  7.665E+07  5.582E-04  9.751E+27  9.508E+05  5.461E+10  4.273E+00  3.515E-01  6.306E-16  r  4.5
  207  9.400E+08  7.844E+07  5.720E-04  9.751E+27  9.569E+05  5.619E+10  4.370E+00  3.503E-01  6.903E-16  r  4.5
  208  9.389E+08  8.027E+07  5.861E-04  9.751E+27  9.629E+05  5.782E+10  4.468E+00  3.491E-01  7.552E-16  r  4.5
  209  9.377E+08  8.214E+07  6.005E-04  9.751E+27  9.689E+05  5.949E+10  4.568E+00  3.479E-01  8.258E-16  r  4.5
  210  9.365E+08  8.404E+07  6.152E-04  9.751E+27  9.750E+05  6.120E+10  4.670E+00  3.468E-01  9.026E-16  r  4.5
  211  9.353E+08  8.597E+07  6.301E-04  9.751E+27  9.811E+05  6.295E+10  4.774E+00  3.456E-01  9.861E-16  r  4.5
  212  9.341E+08  8.794E+07  6.454E-04  9.751E+27  9.872E+05  6.474E+10  4.880E+00  3.445E-01  1.077E-15  r  4.5
  213  9.329E+08  8.995E+07  6.609E-04  9.751E+27  9.933E+05  6.658E+10  4.988E+00  3.434E-01  1.175E-15  r  4.5
  214  9.318E+08  9.200E+07  6.768E-04  9.751E+27  9.994E+05  6.846E+10  5.098E+00  3.422E-01  1.282E-15  r  4.5
  215  9.306E+08  9.408E+07  6.929E-04  9.751E+27  1.006E+06  7.040E+10  5.209E+00  3.411E-01  1.398E-15  r  4.5
  216  9.294E+08  9.621E+07  7.094E-04  9.751E+27  1.012E+06  7.237E+10  5.323E+00  3.400E-01  1.524E-15  r  4.5
  217  9.282E+08  9.837E+07  7.262E-04  9.751E+27  1.018E+06  7.440E+10  5.439E+00  3.389E-01  1.661E-15  r  4.5
  218  9.270E+08  1.006E+08  7.433E-04  9.751E+27  1.024E+06  7.647E+10  5.557E+00  3.378E-01  1.808E-15  r  4.5
  219  9.258E+08  1.028E+08  7.607E-04  9.751E+27  1.030E+06  7.860E+10  5.677E+00  3.367E-01  1.969E-15  r  4.5
  220  9.247E+08  1.051E+08  7.785E-04  9.751E+27  1.036E+06  8.078E+10  5.800E+00  3.356E-01  2.142E-15  r  4.5
  221  9.235E+08  1.074E+08  7.966E-04  9.751E+27  1.043E+06  8.301E+10  5.924E+00  3.346E-01  2.330E-15  r  4.5
  222  9.223E+08  1.098E+08  8.151E-04  9.751E+27  1.049E+06  8.529E+10  6.051E+00  3.335E-01  2.533E-15  r  4.5
  223  9.211E+08  1.122E+08  8.338E-04  9.751E+27  1.055E+06  8.763E+10  6.180E+00  3.325E-01  2.753E-15  r  4.5
  224  9.199E+08  1.147E+08  8.530E-04  9.751E+27  1.062E+06  9.002E+10  6.311E+00  3.314E-01  2.990E-15  r  4.5
  225  9.187E+08  1.172E+08  8.725E-04  9.751E+27  1.068E+06  9.247E+10  6.445E+00  3.304E-01  3.247E-15  r  4.5
  226  9.176E+08  1.197E+08  8.923E-04  9.751E+27  1.074E+06  9.498E+10  6.581E+00  3.293E-01  3.525E-15  r  4.5
  227  9.164E+08  1.223E+08  9.125E-04  9.751E+27  1.080E+06  9.755E+10  6.719E+00  3.283E-01  3.824E-15  r  4.5
  228  9.152E+08  1.249E+08  9.331E-04  9.751E+27  1.087E+06  1.002E+11  6.860E+00  3.273E-01  4.148E-15  r  4.5
  229  9.140E+08  1.276E+08  9.541E-04  9.751E+27  1.093E+06  1.029E+11  7.003E+00  3.263E-01  4.497E-15  r  4.5
  230  9.128E+08  1.303E+08  9.754E-04  9.751E+27  1.100E+06  1.056E+11  7.149E+00  3.253E-01  4.873E-15  r  4.5
  231  9.116E+08  1.331E+08  9.972E-04  9.751E+27  1.106E+06  1.084E+11  7.297E+00  3.243E-01  5.280E-15  r  4.5
  232  9.104E+08  1.359E+08  1.019E-03  9.751E+27  1.112E+06  1.113E+11  7.448E+00  3.233E-01  5.717E-15  r  4.5
  233  9.093E+08  1.388E+08  1.042E-03  9.751E+27  1.119E+06  1.143E+11  7.602E+00  3.223E-01  6.189E-15  r  4.5
  234  9.081E+08  1.417E+08  1.065E-03  9.751E+27  1.125E+06  1.173E+11  7.758E+00  3.213E-01  6.698E-15  r  4.5
  235  9.069E+08  1.447E+08  1.088E-03  9.751E+27  1.132E+06  1.204E+11  7.917E+00  3.203E-01  7.245E-15  r  4.5
  236  9.057E+08  1.477E+08  1.112E-03  9.751E+27  1.138E+06  1.235E+11  8.079E+00  3.194E-01  7.835E-15  r  4.5
  237  9.045E+08  1.508E+08  1.136E-03  9.751E+27  1.145E+06  1.268E+11  8.243E+00  3.184E-01  8.469E-15  r  4.5
  238  9.033E+08  1.540E+08  1.161E-03  9.751E+27  1.151E+06  1.301E+11  8.411E+00  3.175E-01  9.152E-15  r  4.5
  239  9.022E+08  1.571E+08  1.186E-03  9.751E+27  1.158E+06  1.335E+11  8.581E+00  3.165E-01  9.886E-15  r  4.5
  240  9.010E+08  1.604E+08  1.211E-03  9.751E+27  1.164E+06  1.369E+11  8.754E+00  3.156E-01  1.067E-14  r  4.5
  241  8.998E+08  1.637E+08  1.237E-03  9.751E+27  1.171E+06  1.405E+11  8.930E+00  3.146E-01  1.152E-14  r  4.5
  242  8.986E+08  1.670E+08  1.263E-03  9.751E+27  1.178E+06  1.441E+11  9.109E+00  3.137E-01  1.243E-14  r  4.5
  243  8.974E+08  1.705E+08  1.290E-03  9.751E+27  1.184E+06  1.478E+11  9.291E+00  3.128E-01  1.341E-14  r  4.5
  244  8.962E+08  1.739E+08  1.318E-03  9.751E+27  1.191E+06  1.516E+11  9.476E+00  3.119E-01  1.447E-14  r  4.5
  245  8.951E+08  1.775E+08  1.345E-03  9.751E+27  1.197E+06  1.555E+11  9.664E+00  3.109E-01  1.559E-14  r  4.5
  246  8.939E+08  1.810E+08  1.374E-03  9.751E+27  1.204E+06  1.594E+11  9.856E+00  3.100E-01  1.681E-14  r  4.5
  247  8.927E+08  1.847E+08  1.402E-03  9.751E+27  1.211E+06  1.635E+11  1.005E+01  3.091E-01  1.811E-14  r  4.5
  248  8.915E+08  1.884E+08  1.431E-03  9.751E+27  1.217E+06  1.676E+11  1.025E+01  3.082E-01  1.950E-14  r  4.5
  249  8.903E+08  1.922E+08  1.461E-03  9.751E+27  1.224E+06  1.718E+11  1.045E+01  3.074E-01  2.099E-14  r  4.5
  250  8.891E+08  1.960E+08  1.491E-03  9.751E+27  1.231E+06  1.762E+11  1.065E+01  3.065E-01  2.260E-14  r  4.5
  251  8.880E+08  1.999E+08  1.522E-03  9.751E+27  1.238E+06  1.806E+11  1.086E+01  3.056E-01  2.431E-14  r  4.5
  252  8.868E+08  2.039E+08  1.553E-03  9.751E+27  1.244E+06  1.851E+11  1.107E+01  3.047E-01  2.615E-14  r  4.5
  253  8.856E+08  2.079E+08  1.585E-03  9.751E+27  1.251E+06  1.897E+11  1.129E+01  3.038E-01  2.812E-14  r  4.5
  254  8.844E+08  2.120E+08  1.617E-03  9.751E+27  1.258E+06  1.945E+11  1.151E+01  3.030E-01  3.023E-14  r  4.5
  255  8.832E+08  2.161E+08  1.650E-03  9.751E+27  1.265E+06  1.993E+11  1.173E+01  3.021E-01  3.249E-14  r  4.5
  256  8.820E+08  2.204E+08  1.684E-03  9.751E+27  1.272E+06  2.042E+11  1.195E+01  3.013E-01  3.491E-14  r  4.5
  257  8.808E+08  2.247E+08  1.717E-03  9.751E+27  1.279E+06  2.093E+11  1.218E+01  3.004E-01  3.749E-14  r  4.5
  258  8.797E+08  2.290E+08  1.752E-03  9.751E+27  1.285E+06  2.144E+11  1.242E+01  2.996E-01  4.025E-14  r  4.5
  259  8.785E+08  2.335E+08  1.787E-03  9.751E+27  1.292E+06  2.197E+11  1.265E+01  2.987E-01  4.321E-14  r  4.5
  260  8.773E+08  2.380E+08  1.823E-03  9.751E+27  1.299E+06  2.250E+11  1.289E+01  2.979E-01  4.637E-14  r  4.5
  261  8.761E+08  2.426E+08  1.859E-03  9.751E+27  1.306E+06  2.305E+11  1.314E+01  2.971E-01  4.975E-14  r  4.5
  262  8.749E+08  2.472E+08  1.895E-03  9.751E+27  1.313E+06  2.362E+11  1.339E+01  2.963E-01  5.335E-14  r  4.5
  263  8.737E+08  2.520E+08  1.933E-03  9.751E+27  1.320E+06  2.419E+11  1.364E+01  2.954E-01  5.721E-14  r  4.5
  264  8.726E+08  2.568E+08  1.971E-03  9.751E+27  1.327E+06  2.478E+11  1.390E+01  2.946E-01  6.132E-14  r  4.5
  265  8.714E+08  2.617E+08  2.009E-03  9.751E+27  1.334E+06  2.537E+11  1.416E+01  2.938E-01  6.571E-14  r  4.5
  266  8.702E+08  2.666E+08  2.049E-03  9.751E+27  1.341E+06  2.599E+11  1.442E+01  2.930E-01  7.040E-14  r  4.5
  267  8.690E+08  2.717E+08  2.088E-03  9.751E+27  1.348E+06  2.661E+11  1.469E+01  2.922E-01  7.541E-14  r  4.5
  268  8.678E+08  2.768E+08  2.129E-03  9.751E+27  1.355E+06  2.725E+11  1.497E+01  2.914E-01  8.074E-14  r  4.5
  269  8.666E+08  2.820E+08  2.170E-03  9.751E+27  1.362E+06  2.790E+11  1.525E+01  2.906E-01  8.644E-14  r  4.5
  270  8.655E+08  2.873E+08  2.212E-03  9.751E+27  1.370E+06  2.856E+11  1.553E+01  2.898E-01  9.250E-14  r  4.5
  271  8.643E+08  2.927E+08  2.254E-03  9.751E+27  1.377E+06  2.924E+11  1.582E+01  2.890E-01  9.897E-14  r  4.5
  272  8.631E+08  2.981E+08  2.297E-03  9.751E+27  1.384E+06  2.994E+11  1.611E+01  2.883E-01  1.059E-13  r  4.5
  273  8.619E+08  3.037E+08  2.341E-03  9.751E+27  1.391E+06  3.065E+11  1.640E+01  2.875E-01  1.132E-13  r  4.5
  274  8.607E+08  3.093E+08  2.385E-03  9.751E+27  1.398E+06  3.137E+11  1.671E+01  2.867E-01  1.210E-13  r  4.5
  275  8.595E+08  3.150E+08  2.430E-03  9.751E+27  1.405E+06  3.211E+11  1.701E+01  2.860E-01  1.294E-13  r  4.5
  276  8.584E+08  3.208E+08  2.476E-03  9.751E+27  1.413E+06  3.286E+11  1.732E+01  2.852E-01  1.383E-13  r  4.5
  277  8.572E+08  3.267E+08  2.523E-03  9.751E+27  1.420E+06  3.363E+11  1.764E+01  2.844E-01  1.477E-13  r  4.5
  278  8.560E+08  3.327E+08  2.570E-03  9.751E+27  1.427E+06  3.442E+11  1.796E+01  2.837E-01  1.578E-13  r  4.5
  279  8.548E+08  3.388E+08  2.618E-03  9.751E+27  1.434E+06  3.522E+11  1.828E+01  2.829E-01  1.685E-13  r  4.5
  280  8.536E+08  3.449E+08  2.666E-03  9.751E+27  1.442E+06  3.604E+11  1.861E+01  2.822E-01  1.798E-13  r  4.5
  281  8.524E+08  3.512E+08  2.716E-03  9.751E+27  1.449E+06  3.688E+11  1.895E+01  2.814E-01  1.920E-13  r  4.5
  282  8.513E+08  3.576E+08  2.766E-03  9.751E+27  1.456E+06  3.774E+11  1.929E+01  2.807E-01  2.048E-13  r  4.5
  283  8.501E+08  3.640E+08  2.817E-03  9.751E+27  1.464E+06  3.861E+11  1.964E+01  2.800E-01  2.185E-13  r  4.5
  284  8.489E+08  3.706E+08  2.869E-03  9.751E+27  1.471E+06  3.950E+11  1.999E+01  2.792E-01  2.331E-13  r  4.5
  285  8.477E+08  3.772E+08  2.921E-03  9.751E+27  1.479E+06  4.041E+11  2.035E+01  2.785E-01  2.485E-13  r  4.5
  286  8.465E+08  3.840E+08  2.974E-03  9.751E+27  1.486E+06  4.133E+11  2.071E+01  2.778E-01  2.650E-13  r  4.5
  287  8.453E+08  3.909E+08  3.028E-03  9.751E+27  1.494E+06  4.228E+11  2.108E+01  2.771E-01  2.824E-13  r  4.5
  288  8.441E+08  3.978E+08  3.083E-03  9.751E+27  1.501E+06  4.325E+11  2.145E+01  2.764E-01  3.009E-13  r  4.5
  289  8.430E+08  4.049E+08  3.139E-03  9.751E+27  1.509E+06  4.423E+11  2.183E+01  2.756E-01  3.206E-13  r  4.5
  290  8.418E+08  4.121E+08  3.195E-03  9.751E+27  1.516E+06  4.524E+11  2.222E+01  2.749E-01  3.415E-13  r  4.5
  291  8.406E+08  4.194E+08  3.253E-03  9.751E+27  1.524E+06  4.626E+11  2.261E+01  2.742E-01  3.637E-13  r  4.5
  292  8.394E+08  4.268E+08  3.311E-03  9.751E+27  1.531E+06  4.731E+11  2.301E+01  2.735E-01  3.872E-13  r  4.5
  293  8.382E+08  4.343E+08  3.370E-03  9.751E+27  1.539E+06  4.838E+11  2.341E+01  2.728E-01  4.122E-13  r  4.5
  294  8.370E+08  4.419E+08  3.430E-03  9.751E+27  1.546E+06  4.947E+11  2.382E+01  2.721E-01  4.386E-13  r  4.5
  295  8.359E+08  4.496E+08  3.491E-03  9.751E+27  1.554E+06  5.058E+11  2.424E+01  2.715E-01  4.667E-13  r  4.5
  296  8.347E+08  4.575E+08  3.552E-03  9.751E+27  1.562E+06  5.172E+11  2.466E+01  2.708E-01  4.965E-13  r  4.5
  297  8.335E+08  4.654E+08  3.615E-03  9.751E+27  1.569E+06  5.288E+11  2.509E+01  2.701E-01  5.281E-13  r  4.5
  298  8.323E+08  4.735E+08  3.678E-03  9.751E+27  1.577E+06  5.406E+11  2.553E+01  2.694E-01  5.615E-13  r  4.5
  299  8.311E+08  4.817E+08  3.743E-03  9.751E+27  1.585E+06  5.526E+11  2.597E+01  2.687E-01  5.970E-13  r  4.5
  300  8.299E+08  4.900E+08  3.808E-03  9.751E+27  1.593E+06  5.649E+11  2.642E+01  2.681E-01  6.345E-13  r  4.5
  301  8.288E+08  4.985E+08  3.874E-03  9.751E+27  1.600E+06  5.775E+11  2.687E+01  2.674E-01  6.743E-13  r  4.5
  302  8.276E+08  5.071E+08  3.942E-03  9.751E+27  1.608E+06  5.903E+11  2.734E+01  2.667E-01  7.165E-13  r  4.5
  303  8.264E+08  5.158E+08  4.010E-03  9.751E+27  1.616E+06  6.033E+11  2.781E+01  2.661E-01  7.611E-13  r  4.5
  304  8.252E+08  5.246E+08  4.079E-03  9.751E+27  1.624E+06  6.167E+11  2.828E+01  2.654E-01  8.084E-13  r  4.5
  305  8.240E+08  5.335E+08  4.149E-03  9.751E+27  1.632E+06  6.302E+11  2.877E+01  2.647E-01  8.584E-13  r  4.5
  306  8.228E+08  5.426E+08  4.220E-03  9.751E+27  1.639E+06  6.441E+11  2.926E+01  2.641E-01  9.114E-13  r  4.5
  307  8.217E+08  5.518E+08  4.292E-03  9.751E+27  1.647E+06  6.582E+11  2.976E+01  2.634E-01  9.674E-13  r  4.5
  308  8.205E+08  5.612E+08  4.365E-03  9.751E+27  1.655E+06  6.726E+11  3.026E+01  2.628E-01  1.027E-12  r  4.5
  309  8.193E+08  5.707E+08  4.439E-03  9.751E+27  1.663E+06  6.873E+11  3.078E+01  2.621E-01  1.089E-12  r  4.5
  310  8.181E+08  5.803E+08  4.515E-03  9.751E+27  1.671E+06  7.023E+11  3.130E+01  2.615E-01  1.156E-12  r  4.5
  311  8.169E+08  5.900E+08  4.591E-03  9.751E+27  1.679E+06  7.176E+11  3.183E+01  2.609E-01  1.226E-12  r  4.5
  312  8.157E+08  5.999E+08  4.668E-03  9.751E+27  1.687E+06  7.332E+11  3.236E+01  2.602E-01  1.300E-12  r  4.5
  313  8.145E+08  6.100E+08  4.747E-03  9.751E+27  1.695E+06  7.491E+11  3.291E+01  2.596E-01  1.379E-12  r  4.5
  314  8.134E+08  6.202E+08  4.826E-03  9.751E+27  1.703E+06  7.653E+11  3.346E+01  2.590E-01  1.461E-12  r  4.5
  315  8.122E+08  6.305E+08  4.907E-03  9.751E+27  1.711E+06  7.818E+11  3.402E+01  2.583E-01  1.549E-12  r  4.5
  316  8.110E+08  6.410E+08  4.988E-03  9.751E+27  1.720E+06  7.987E+11  3.459E+01  2.577E-01  1.641E-12  r  4.5
  317  8.098E+08  6.516E+08  5.071E-03  9.751E+27  1.728E+06  8.159E+11  3.517E+01  2.571E-01  1.739E-12  r  4.5
  318  8.086E+08  6.624E+08  5.155E-03  9.751E+27  1.736E+06  8.334E+11  3.576E+01  2.565E-01  1.843E-12  r  4.5
  319  8.074E+08  6.733E+08  5.240E-03  9.751E+27  1.744E+06  8.512E+11  3.635E+01  2.559E-01  1.952E-12  r  4.5
  320  8.063E+08  6.844E+08  5.327E-03  9.751E+27  1.752E+06  8.695E+11  3.696E+01  2.552E-01  2.067E-12  r  4.5
  321  8.051E+08  6.957E+08  5.414E-03  9.751E+27  1.760E+06  8.880E+11  3.757E+01  2.546E-01  2.188E-12  r  4.5
  322  8.039E+08  7.071E+08  5.503E-03  9.751E+27  1.769E+06  9.069E+11  3.819E+01  2.540E-01  2.317E-12  r  4.5
  323  8.027E+08  7.186E+08  5.592E-03  9.751E+27  1.777E+06  9.262E+11  3.882E+01  2.534E-01  2.452E-12  r  4.5
  324  8.015E+08  7.304E+08  5.683E-03  9.751E+27  1.785E+06  9.459E+11  3.946E+01  2.528E-01  2.595E-12  r  4.5
  325  8.003E+08  7.423E+08  5.776E-03  9.751E+27  1.794E+06  9.660E+11  4.011E+01  2.522E-01  2.746E-12  r  4.5
  326  7.992E+08  7.543E+08  5.869E-03  9.751E+27  1.802E+06  9.864E+11  4.077E+01  2.516E-01  2.905E-12  r  4.5
  327  7.980E+08  7.666E+08  5.964E-03  9.751E+27  1.810E+06  1.007E+12  4.144E+01  2.510E-01  3.073E-12  r  4.5
  328  7.968E+08  7.790E+08  6.060E-03  9.751E+27  1.819E+06  1.028E+12  4.212E+01  2.504E-01  3.250E-12  r  4.5
  329  7.956E+08  7.915E+08  6.157E-03  9.751E+27  1.827E+06  1.050E+12  4.281E+01  2.498E-01  3.436E-12  r  4.5
  330  7.944E+08  8.043E+08  6.256E-03  9.751E+27  1.836E+06  1.072E+12  4.351E+01  2.493E-01  3.633E-12  r  4.5
  331  7.932E+08  8.172E+08  6.356E-03  9.751E+27  1.844E+06  1.095E+12  4.422E+01  2.487E-01  3.841E-12  r  4.5
  332  7.921E+08  8.303E+08  6.457E-03  9.751E+27  1.853E+06  1.118E+12  4.494E+01  2.481E-01  4.059E-12  r  4.5
  333  7.909E+08  8.436E+08  6.560E-03  9.751E+27  1.861E+06  1.141E+12  4.566E+01  2.475E-01  4.290E-12  r  4.5
  334  7.897E+08  8.571E+08  6.664E-03  9.751E+27  1.870E+06  1.165E+12  4.640E+01  2.469E-01  4.533E-12  r  4.5
  335  7.885E+08  8.707E+08  6.769E-03  9.751E+27  1.878E+06  1.189E+12  4.716E+01  2.464E-01  4.789E-12  r  4.5
  336  7.873E+08  8.846E+08  6.876E-03  9.751E+27  1.887E+06  1.214E+12  4.792E+01  2.458E-01  5.058E-12  r  4.5
  337  7.861E+08  8.986E+08  6.984E-03  9.751E+27  1.895E+06  1.239E+12  4.869E+01  2.452E-01  5.342E-12  r  4.5
  338  7.850E+08  9.129E+08  7.093E-03  9.751E+27  1.904E+06  1.265E+12  4.947E+01  2.447E-01  5.641E-12  r  4.5
  339  7.838E+08  9.273E+08  7.204E-03  9.751E+27  1.913E+06  1.291E+12  5.027E+01  2.441E-01  5.956E-12  r  4.5
  340  7.826E+08  9.419E+08  7.316E-03  9.751E+27  1.922E+06  1.317E+12  5.107E+01  2.435E-01  6.287E-12  r  4.5
  341  7.814E+08  9.568E+08  7.430E-03  9.751E+27  1.930E+06  1.345E+12  5.189E+01  2.430E-01  6.636E-12  r  4.5
  342  7.802E+08  9.718E+08  7.545E-03  9.751E+27  1.939E+06  1.372E+12  5.272E+01  2.424E-01  7.003E-12  r  4.5
  343  7.790E+08  9.870E+08  7.662E-03  9.751E+27  1.948E+06  1.401E+12  5.356E+01  2.419E-01  7.390E-12  r  4.5
  344  7.778E+08  1.002E+09  7.780E-03  9.751E+27  1.957E+06  1.429E+12  5.442E+01  2.413E-01  7.797E-12  r  4.5
  345  7.767E+08  1.018E+09  7.900E-03  9.751E+27  1.965E+06  1.459E+12  5.528E+01  2.408E-01  8.225E-12  r  4.5
  346  7.755E+08  1.034E+09  8.021E-03  9.751E+27  1.974E+06  1.488E+12  5.616E+01  2.402E-01  8.675E-12  r  4.5
  347  7.743E+08  1.050E+09  8.144E-03  9.751E+27  1.983E+06  1.519E+12  5.705E+01  2.397E-01  9.149E-12  r  4.5
  348  7.731E+08  1.066E+09  8.269E-03  9.751E+27  1.992E+06  1.550E+12  5.795E+01  2.391E-01  9.647E-12  r  4.5
  349  7.719E+08  1.083E+09  8.395E-03  9.751E+27  2.001E+06  1.581E+12  5.887E+01  2.386E-01  1.017E-11  r  4.5
  350  7.707E+08  1.100E+09  8.522E-03  9.751E+27  2.010E+06  1.614E+12  5.980E+01  2.380E-01  1.072E-11  r  4.5
  351  7.696E+08  1.117E+09  8.652E-03  9.751E+27  2.019E+06  1.646E+12  6.074E+01  2.375E-01  1.130E-11  r  4.5
  352  7.684E+08  1.134E+09  8.782E-03  9.751E+27  2.028E+06  1.680E+12  6.170E+01  2.370E-01  1.191E-11  r  4.5
  353  7.672E+08  1.151E+09  8.915E-03  9.751E+27  2.037E+06  1.714E+12  6.267E+01  2.364E-01  1.255E-11  r  4.5
  354  7.660E+08  1.169E+09  9.049E-03  9.751E+27  2.046E+06  1.748E+12  6.365E+01  2.359E-01  1.322E-11  r  4.5
  355  7.648E+08  1.187E+09  9.185E-03  9.751E+27  2.055E+06  1.784E+12  6.465E+01  2.354E-01  1.393E-11  r  4.5
  356  7.636E+08  1.205E+09  9.322E-03  9.751E+27  2.065E+06  1.820E+12  6.566E+01  2.348E-01  1.467E-11  r  4.5
  357  7.625E+08  1.223E+09  9.462E-03  9.751E+27  2.074E+06  1.856E+12  6.668E+01  2.343E-01  1.545E-11  r  4.5
  358  7.613E+08  1.242E+09  9.603E-03  9.751E+27  2.083E+06  1.893E+12  6.772E+01  2.338E-01  1.627E-11  r  4.5
  359  7.601E+08  1.261E+09  9.745E-03  9.751E+27  2.092E+06  1.931E+12  6.878E+01  2.333E-01  1.713E-11  r  4.5
  360  7.589E+08  1.280E+09  9.890E-03  9.751E+27  2.101E+06  1.970E+12  6.985E+01  2.327E-01  1.803E-11  r  4.5
  361  7.577E+08  1.299E+09  1.004E-02  9.751E+27  2.111E+06  2.010E+12  7.093E+01  2.322E-01  1.898E-11  r  4.5
  362  7.459E+08  1.508E+09  1.157E-02  9.751E+27  2.207E+06  2.457E+12  8.302E+01  2.269E-01  3.202E-11  r  4.5
  363  7.340E+08  1.747E+09  1.329E-02  9.751E+27  2.308E+06  3.000E+12  9.687E+01  2.219E-01  5.309E-11  r  4.5
  364  7.222E+08  2.019E+09  1.524E-02  9.751E+27  2.411E+06  3.652E+12  1.129E+02  2.171E-01  8.718E-11  r  4.5
  365  7.104E+08  2.329E+09  1.743E-02  9.751E+27  2.518E+06  4.435E+12  1.313E+02  2.124E-01  1.416E-10  r  4.4
  366  6.985E+08  2.682E+09  1.989E-02  9.751E+27  2.629E+06  5.375E+12  1.524E+02  2.079E-01  2.276E-10  r  4.4
  367  6.867E+08  3.082E+09  2.265E-02  9.751E+27  2.743E+06  6.499E+12  1.766E+02  2.035E-01  3.622E-10  r  4.4
  368  6.748E+08  3.536E+09  2.573E-02  9.751E+27  2.861E+06  7.844E+12  2.043E+02  1.993E-01  5.714E-10  r  4.4
  369  6.630E+08  4.050E+09  2.917E-02  9.751E+27  2.983E+06  9.450E+12  2.361E+02  1.952E-01  8.936E-10  r  4.4
  370  6.512E+08  4.631E+09  3.300E-02  9.751E+27  3.110E+06  1.137E+13  2.724E+02  1.912E-01  1.386E-09  r  4.4
  371  6.393E+08  5.288E+09  3.726E-02  9.751E+27  3.241E+06  1.365E+13  3.139E+02  1.873E-01  2.134E-09  r  4.4
  372  6.275E+08  6.028E+09  4.198E-02  9.751E+27  3.377E+06  1.637E+13  3.613E+02  1.835E-01  3.262E-09  r  4.4
  373  6.156E+08  6.863E+09  4.720E-02  9.751E+27  3.517E+06  1.960E+13  4.154E+02  1.798E-01  4.952E-09  r  4.4
  374  6.038E+08  7.802E+09  5.297E-02  9.751E+27  3.663E+06  2.344E+13  4.771E+02  1.762E-01  7.469E-09  r  4.4
  375  5.920E+08  8.859E+09  5.934E-02  9.751E+27  3.814E+06  2.800E+13  5.473E+02  1.726E-01  1.119E-08  r  4.4
  376  5.801E+08  1.005E+10  6.634E-02  9.751E+27  3.970E+06  3.340E+13  6.273E+02  1.691E-01  1.668E-08  r  4.4
  377  5.683E+08  1.138E+10  7.404E-02  9.751E+27  4.133E+06  3.981E+13  7.182E+02  1.657E-01  2.471E-08  r  4.4
  378  5.565E+08  1.287E+10  8.248E-02  9.751E+27  4.301E+06  4.739E+13  8.215E+02  1.623E-01  3.640E-08  r  4.3
  379  5.446E+08  1.455E+10  9.173E-02  9.750E+27  4.476E+06  5.636E+13  9.388E+02  1.590E-01  5.335E-08  r  4.3
  380  5.328E+08  1.642E+10  1.018E-01  9.750E+27  4.658E+06  6.695E+13  1.072E+03  1.557E-01  7.779E-08  r  4.3
  381  5.209E+08  1.851E+10  1.128E-01  9.750E+27  4.846E+06  7.946E+13  1.223E+03  1.525E-01  1.129E-07  r  4.3
  382  5.091E+08  2.084E+10  1.248E-01  9.750E+27  5.042E+06  9.420E+13  1.393E+03  1.493E-01  1.630E-07  r  4.3
  383  4.973E+08  2.345E+10  1.378E-01  9.750E+27  5.245E+06  1.116E+14  1.586E+03  1.461E-01  2.342E-07  r  4.3
  384  4.854E+08  2.635E+10  1.519E-01  9.750E+27  5.456E+06  1.320E+14  1.804E+03  1.430E-01  3.349E-07  r  4.2
  385  4.736E+08  2.957E+10  1.672E-01  9.750E+27  5.675E+06  1.560E+14  2.049E+03  1.399E-01  4.767E-07  r  4.2
  386  4.617E+08  3.315E+10  1.836E-01  9.750E+27  5.903E+06  1.841E+14  2.325E+03  1.368E-01  6.754E-07  r  4.2
  387  4.499E+08  3.712E+10  2.013E-01  9.750E+27  6.140E+06  2.170E+14  2.636E+03  1.338E-01  9.525E-07  r  4.2
  388  4.381E+08  4.152E+10  2.203E-01  9.750E+27  6.386E+06  2.555E+14  2.983E+03  1.307E-01  1.337E-06  r  4.1
  389  4.262E+08  4.637E+10  2.406E-01  9.750E+27  6.641E+06  3.003E+14  3.372E+03  1.277E-01  1.868E-06  r  4.1
  390  4.144E+08  5.173E+10  2.623E-01  9.750E+27  6.906E+06  3.525E+14  3.806E+03  1.246E-01  2.597E-06  r  4.1
  391  4.025E+08  5.763E+10  2.854E-01  9.750E+27  7.181E+06  4.130E+14  4.289E+03  1.216E-01  3.593E-06  r  4.0
  392  3.907E+08  6.410E+10  3.098E-01  9.749E+27  7.467E+06  4.831E+14  4.825E+03  1.186E-01  4.945E-06  r  4.0
  393  3.789E+08  7.119E+10  3.356E-01  9.749E+27  7.763E+06  5.639E+14  5.417E+03  1.156E-01  6.772E-06  r  4.0
  394  3.670E+08  7.894E+10  3.627E-01  9.748E+27  8.070E+06  6.567E+14  6.069E+03  1.126E-01  9.225E-06  r  3.9
  395  3.552E+08  8.739E+10  3.910E-01  9.746E+27  8.389E+06  7.631E+14  6.784E+03  1.095E-01  1.250E-05  r  3.9
  396  3.433E+08  9.656E+10  4.206E-01  9.745E+27  8.719E+06  8.844E+14  7.564E+03  1.065E-01  1.683E-05  r  3.8
  397  3.315E+08  1.065E+11  4.513E-01  9.742E+27  9.061E+06  1.022E+15  8.412E+03  1.035E-01  2.254E-05  r  3.8
  398  3.197E+08  1.172E+11  4.829E-01  9.739E+27  9.414E+06  1.178E+15  9.329E+03  1.005E-01  3.001E-05  r  3.7
  399  3.078E+08  1.287E+11  5.153E-01  9.734E+27  9.780E+06  1.353E+15  1.031E+04  9.749E-02  3.970E-05  r  3.6
  400  2.960E+08  1.410E+11  5.483E-01  9.728E+27  1.016E+07  1.548E+15  1.136E+04  9.449E-02  5.219E-05  r  3.5
  401  2.841E+08  1.541E+11  5.818E-01  9.720E+27  1.055E+07  1.765E+15  1.248E+04  9.149E-02  6.817E-05  r  3.5
  402  2.723E+08  1.680E+11  6.153E-01  9.709E+27  1.095E+07  2.005E+15  1.365E+04  8.851E-02  8.846E-05  r  3.4
  403  2.605E+08  1.827E+11  6.488E-01  9.695E+27  1.137E+07  2.267E+15  1.487E+04  8.555E-02  1.141E-04  r  3.3
  404  2.486E+08  1.981E+11  6.819E-01  9.678E+27  1.180E+07  2.552E+15  1.613E+04  8.261E-02  1.461E-04  r  3.2
  405  2.368E+08  2.142E+11  7.142E-01  9.656E+27  1.224E+07  2.860E+15  1.742E+04  7.970E-02  1.860E-04  r  3.1
  406  2.249E+08  2.309E+11  7.457E-01  9.629E+27  1.270E+07  3.189E+15  1.872E+04  7.682E-02  2.353E-04  r  3.0
  407  2.131E+08  2.482E+11  7.758E-01  9.596E+27  1.317E+07  3.539E+15  2.003E+04  7.399E-02  2.962E-04  r  2.9
  408  2.013E+08  2.660E+11  8.044E-01  9.557E+27  1.366E+07  3.907E+15  2.132E+04  7.121E-02  3.711E-04  r  2.7
  409  1.894E+08  2.841E+11  8.312E-01  9.511E+27  1.416E+07  4.292E+15  2.259E+04  6.848E-02  4.636E-04  r  2.6
  410  1.776E+08  3.026E+11  8.560E-01  9.459E+27  1.467E+07  4.690E+15  2.381E+04  6.580E-02  5.787E-04  c  2.5
  411  1.658E+08  3.212E+11  8.786E-01  9.399E+27  1.519E+07  5.101E+15  2.497E+04  6.322E-02  7.236E-04  c  2.3
  412  1.539E+08  3.399E+11  8.989E-01  9.332E+27  1.571E+07  5.521E+15  2.608E+04  6.082E-02  9.075E-04  c  2.1
  413  1.421E+08  3.587E+11  9.169E-01  9.258E+27  1.624E+07  5.950E+15  2.713E+04  5.856E-02  1.148E-03  c  1.9
  414  1.302E+08  3.775E+11  9.324E-01  9.178E+27  1.678E+07  6.387E+15  2.813E+04  5.642E-02  1.477E-03  c  1.7
  415  1.184E+08  3.963E+11  9.457E-01  9.090E+27  1.733E+07  6.836E+15  2.905E+04  5.438E-02  1.956E-03  c  1.6
  416  1.066E+08  4.149E+11  9.566E-01  8.995E+27  1.792E+07  7.299E+15  2.990E+04  5.239E-02  2.706E-03  c  1.4
  417  9.472E+07  4.333E+11  9.654E-01  8.889E+27  1.856E+07  7.789E+15  3.069E+04  5.044E-02  4.002E-03  c  1.3
  418  8.288E+07  4.515E+11  9.722E-01  8.768E+27  1.928E+07  8.326E+15  3.144E+04  4.850E-02  6.528E-03  c  1.1
  419  7.104E+07  4.694E+11  9.772E-01  8.621E+27  2.013E+07  8.953E+15  3.222E+04  4.653E-02  1.230E-02  c  1.1
  420  5.920E+07  4.870E+11  9.806E-01  8.426E+27  2.119E+07  9.761E+15  3.314E+04  4.451E-02  2.872E-02  c  1.0
  421  4.736E+07  5.044E+11  9.828E-01  8.114E+27  2.269E+07  1.098E+16  3.455E+04  4.241E-02  9.400E-02  c  1.1
  422  3.552E+07  5.221E+11  9.840E-01  7.410E+27  2.514E+07  1.335E+16  3.762E+04  4.026E-02  5.507E-01  c  1.3
  423  2.368E+07  5.428E+11  9.845E-01  4.503E+27  3.060E+07  2.165E+16  5.089E+04  3.910E-02  6.232E+00  c  2.4
  424  1.184E+07  5.854E+11  9.846E-01 -4.344E+30  6.062E+17  3.051E+27  1.503E+05  3.458E-02  2.861E+06  c  1.8
